-0.000200671 -0.0500984
-0.000402683 -0.0501963
-0.000606039 -0.0502935
-0.00081074 -0.05039
-0.00101679 -0.0504859
-0.00122418 -0.0505811
-0.00143293 -0.0506756
-0.00164302 -0.0507694
-0.00185446 -0.0508625
-0.00206726 -0.0509549
-0.00228141 -0.0510465
-0.00249692 -0.0511374
-0.00271377 -0.0512275
-0.00293199 -0.0513168
-0.00315155 -0.0514054
-0.00337248 -0.0514931
-0.00359476 -0.05158
-0.00381839 -0.0516661
-0.00404338 -0.0517513
-0.00426972 -0.0518356
-0.00449742 -0.0519191
-0.00472648 -0.0520017
-0.00495688 -0.0520833
-0.00518865 -0.0521641
-0.00542176 -0.0522439
-0.00565622 -0.0523227
-0.00589204 -0.0524006
-0.0061292 -0.0524775
-0.00636771 -0.0525534
-0.00660757 -0.0526283
-0.00684877 -0.0527022
-0.00709131 -0.052775
-0.0073352 -0.0528468
-0.00758042 -0.0529175
-0.00782698 -0.0529871
-0.00807488 -0.0530556
-0.00832411 -0.053123
-0.00857466 -0.0531892
-0.00882654 -0.0532543
-0.00907975 -0.0533183
-0.00933427 -0.053381
-0.00959012 -0.0534426
-0.00984727 -0.0535029
-0.0101057 -0.053562
-0.0103655 -0.0536199
-0.0106266 -0.0536765
-0.010889 -0.0537319
-0.0111526 -0.0537859
-0.0114176 -0.0538386
-0.0116838 -0.05389
-0.0119514 -0.0539401
-0.0122202 -0.0539888
-0.0124902 -0.0540361
-0.0127616 -0.0540821
-0.0130342 -0.0541266
-0.0133081 -0.0541697
-0.0135832 -0.0542114
-0.0138595 -0.0542516
-0.0141371 -0.0542903
-0.0144159 -0.0543275
-0.014696 -0.0543633
-0.0149772 -0.0543975
-0.0152597 -0.0544302
-0.0155434 -0.0544613
-0.0158283 -0.0544908
-0.0161144 -0.0545188
-0.0164016 -0.0545451
-0.0166901 -0.0545699
-0.0169797 -0.0545929
-0.0172704 -0.0546144
-0.0175624 -0.0546341
-0.0178554 -0.0546522
-0.0181496 -0.0546685
-0.0184449 -0.0546832
-0.0187414 -0.054696
-0.0190389 -0.0547072
-0.0193376 -0.0547165
-0.0196373 -0.0547241
-0.0199382 -0.0547298
-0.0202401 -0.0547337
-0.020543 -0.0547358
-0.020847 -0.054736
-0.0211521 -0.0547343
-0.0214582 -0.0547308
-0.0217653 -0.0547253
-0.0220734 -0.0547179
-0.0223825 -0.0547086
-0.0226926 -0.0546973
-0.0230036 -0.054684
-0.0233157 -0.0546687
-0.0236286 -0.0546514
-0.0239426 -0.0546321
-0.0242574 -0.0546108
-0.0245732 -0.0545873
-0.0248898 -0.0545618
-0.0252074 -0.0545342
-0.0255258 -0.0545045
-0.0258451 -0.0544727
-0.0261652 -0.0544387
-0.0264861 -0.0544026
-0.0268079 -0.0543643
-0.0271305 -0.0543237
-0.0274539 -0.054281
-0.0277781 -0.0542361
-0.028103 -0.0541889
-0.0284286 -0.0541395
-0.028755 -0.0540877
-0.0290821 -0.0540337
-0.02941 -0.0539774
-0.0297385 -0.0539188
-0.0300676 -0.0538579
-0.0303974 -0.0537945
-0.0307279 -0.0537289
-0.031059 -0.0536608
-0.0313907 -0.0535903
-0.0317229 -0.0535175
-0.0320558 -0.0534422
-0.0323891 -0.0533644
-0.0327231 -0.0532842
-0.0330575 -0.0532016
-0.0333924 -0.0531164
-0.0337279 -0.0530287
-0.0340637 -0.0529386
-0.0344 -0.0528459
-0.0347368 -0.0527506
-0.0350739 -0.0526528
-0.0354115 -0.0525524
-0.0357494 -0.0524495
-0.0360876 -0.0523439
-0.0364262 -0.0522358
-0.0367651 -0.0521249
-0.0371042 -0.0520115
-0.0374437 -0.0518954
-0.0377834 -0.0517767
-0.0381233 -0.0516552
-0.0384634 -0.0515311
-0.0388037 -0.0514043
-0.0391441 -0.0512747
-0.0394847 -0.0511424
-0.0398254 -0.0510074
-0.0401663 -0.0508697
-0.0405071 -0.0507291
-0.0408481 -0.0505858
-0.0411891 -0.0504397
-0.04153 -0.0502908
-0.041871 -0.0501391
-0.0422119 -0.0499846
-0.0425528 -0.0498272
-0.0428936 -0.049667
-0.0432343 -0.049504
-0.0435748 -0.0493381
-0.0439152 -0.0491693
-0.0442554 -0.0489976
-0.0445954 -0.0488231
-0.0449352 -0.0486456
-0.0452748 -0.0484653
-0.045614 -0.048282
-0.045953 -0.0480958
-0.0462916 -0.0479066
-0.0466299 -0.0477145
-0.0469678 -0.0475195
-0.0473053 -0.0473215
-0.0476424 -0.0471205
-0.047979 -0.0469166
-0.0483152 -0.0467096
-0.0486508 -0.0464997
-0.0489859 -0.0462868
-0.0493205 -0.0460709
-0.0496545 -0.045852
-0.0499879 -0.04563
-0.0503206 -0.0454051
-0.0506527 -0.0451771
-0.0509841 -0.0449461
-0.0513148 -0.044712
-0.0516447 -0.0444749
-0.0519739 -0.0442348
-0.0523022 -0.0439916
-0.0526298 -0.0437454
-0.0529565 -0.0434961
-0.0532823 -0.0432437
-0.0536072 -0.0429883
-0.0539312 -0.0427298
-0.0542542 -0.0424682
-0.0545763 -0.0422036
-0.0548973 -0.0419359
-0.0552172 -0.0416651
-0.0555361 -0.0413913
-0.0558539 -0.0411143
-0.0561706 -0.0408343
-0.0564861 -0.0405512
-0.0568004 -0.040265
-0.0571135 -0.0399757
-0.0574254 -0.0396834
-0.057736 -0.039388
-0.0580453 -0.0390895
-0.0583532 -0.0387879
-0.0586598 -0.0384832
-0.058965 -0.0381755
-0.0592688 -0.0378646
-0.0595712 -0.0375507
-0.059872 -0.0372338
-0.0601714 -0.0369138
-0.0604693 -0.0365907
-0.0607655 -0.0362645
-0.0610602 -0.0359353
-0.0613533 -0.035603
-0.0616447 -0.0352677
-0.0619344 -0.0349293
-0.0622225 -0.0345879
-0.0625088 -0.0342435
-0.0627933 -0.033896
-0.0630761 -0.0335455
-0.063357 -0.033192
-0.063636 -0.0328355
-0.0639132 -0.032476
-0.0641885 -0.0321135
-0.0644618 -0.031748
-0.0647332 -0.0313795
-0.0650026 -0.031008
-0.0652699 -0.0306336
-0.0655352 -0.0302562
-0.0657984 -0.0298758
-0.0660595 -0.0294926
-0.0663184 -0.0291063
-0.0665752 -0.0287172
-0.0668298 -0.0283252
-0.0670821 -0.0279302
-0.0673322 -0.0275324
-0.06758 -0.0271317
-0.0678255 -0.0267282
-0.0680686 -0.0263217
-0.0683094 -0.0259125
-0.0685478 -0.0255004
-0.0687838 -0.0250855
-0.0690173 -0.0246678
-0.0692483 -0.0242473
-0.0694768 -0.023824
-0.0697028 -0.023398
-0.0699262 -0.0229692
-0.070147 -0.0225377
-0.0703652 -0.0221034
-0.0705807 -0.0216665
-0.0707936 -0.0212269
-0.0710038 -0.0207846
-0.0712112 -0.0203396
-0.0714159 -0.0198921
-0.0716178 -0.0194418
-0.0718169 -0.018989
-0.0720132 -0.0185336
-0.0722066 -0.0180757
-0.0723971 -0.0176151
-0.0725848 -0.0171521
-0.0727694 -0.0166865
-0.0729511 -0.0162185
-0.0731299 -0.0157479
-0.0733056 -0.0152749
-0.0734783 -0.0147995
-0.0736479 -0.0143217
-0.0738144 -0.0138414
-0.0739778 -0.0133588
-0.0741381 -0.0128738
-0.0742952 -0.0123865
-0.0744492 -0.0118969
-0.0745999 -0.011405
-0.0747474 -0.0109108
-0.0748916 -0.0104144
-0.0750326 -0.00991579
-0.0751703 -0.00941495
-0.0753046 -0.00891194
-0.0754356 -0.00840678
-0.0755633 -0.00789949
-0.0756875 -0.0073901
-0.0758084 -0.00687863
-0.0759258 -0.0063651
-0.0760397 -0.00584955
-0.0761502 -0.00533198
-0.0762572 -0.00481244
-0.0763607 -0.00429095
-0.0764607 -0.00376752
-0.0765571 -0.0032422
-0.0766499 -0.002715
-0.0767391 -0.00218595
-0.0768248 -0.00165508
-0.0769068 -0.00112241
-0.0769851 -0.000587982
-0.0770598 -5.18087e-05
-0.0771308 0.000486076
-0.0771981 0.00102565
-0.0772617 0.00156687
-0.0773215 0.00210972
-0.0773776 0.00265418
-0.07743 0.0032002
-0.0774785 0.00374776
-0.0775233 0.00429683
-0.0775642 0.00484739
-0.0776013 0.0053994
-0.0776345 0.00595283
-0.0776639 0.00650766
-0.0776895 0.00706384
-0.0777111 0.00762136
-0.0777288 0.00818018
-0.0777426 0.00874028
-0.0777525 0.00930161
-0.0777585 0.00986415
-0.0777605 0.0104279
-0.0777585 0.0109927
-0.0777525 0.0115587
-0.0777426 0.0121258
-0.0777287 0.0126939
-0.0777107 0.013263
-0.0776888 0.0138331
-0.0776628 0.0144042
-0.0776328 0.0149762
-0.0775987 0.0155491
-0.0775605 0.0161228
-0.0775183 0.0166974
-0.0774721 0.0172728
-0.0774217 0.0178489
-0.0773673 0.0184257
-0.0773087 0.0190032
-0.0772461 0.0195814
-0.0771793 0.0201603
-0.0771085 0.0207397
-0.0770335 0.0213196
-0.0769544 0.0219001
-0.0768711 0.0224811
-0.0767838 0.0230625
-0.0766923 0.0236444
-0.0765966 0.0242267
-0.0764968 0.0248093
-0.0763928 0.0253922
-0.0762847 0.0259754
-0.0761725 0.0265589
-0.076056 0.0271426
-0.0759355 0.0277265
-0.0758107 0.0283105
-0.0756818 0.0288946
-0.0755488 0.0294789
-0.0754115 0.0300631
-0.0752701 0.0306474
-0.0751246 0.0312317
-0.0749749 0.0318159
-0.074821 0.0324
-0.074663 0.032984
-0.0745008 0.0335679
-0.0743345 0.0341515
-0.074164 0.034735
-0.0739894 0.0353181
-0.0738106 0.035901
-0.0736277 0.0364835
-0.0734407 0.0370657
-0.0732495 0.0376475
-0.0730542 0.0382288
-0.0728548 0.0388097
-0.0726513 0.0393901
-0.0724436 0.03997
-0.0722319 0.0405492
-0.0720161 0.0411279
-0.0717961 0.041706
-0.0715721 0.0422834
-0.0713441 0.04286
-0.0711119 0.043436
-0.0708757 0.0440112
-0.0706355 0.0445856
-0.0703912 0.0451591
-0.0701429 0.0457318
-0.0698906 0.0463036
-0.0696343 0.0468744
-0.0693739 0.0474443
-0.0691096 0.0480132
-0.0688413 0.048581
-0.0685691 0.0491478
-0.0682929 0.0497135
-0.0680128 0.050278
-0.0677287 0.0508414
-0.0674407 0.0514037
-0.0671489 0.0519646
-0.0668531 0.0525244
-0.0665535 0.0530828
-0.06625 0.05364
-0.0659427 0.0541957
-0.0656315 0.0547502
-0.0653166 0.0553032
-0.0649978 0.0558547
-0.0646753 0.0564048
-0.064349 0.0569534
-0.064019 0.0575004
-0.0636852 0.0580459
-0.0633477 0.0585898
-0.0630065 0.0591321
-0.0626617 0.0596728
-0.0623131 0.0602117
-0.061961 0.060749
-0.0616052 0.0612845
-0.0612458 0.0618183
-0.0608829 0.0623503
-0.0605163 0.0628804
-0.0601463 0.0634087
-0.0597727 0.0639352
-0.0593956 0.0644597
-0.059015 0.0649823
-0.0586309 0.065503
-0.0582434 0.0660217
-0.0578525 0.0665383
-0.0574582 0.067053
-0.0570605 0.0675655
-0.0566595 0.068076
-0.0562551 0.0685844
-0.0558475 0.0690907
-0.0554365 0.0695948
-0.0550223 0.0700967
-0.0546048 0.0705964
-0.0541841 0.0710939
-0.0537602 0.0715891
-0.0533332 0.072082
-0.052903 0.0725727
-0.0524697 0.073061
-0.0520333 0.073547
-0.0515938 0.0740306
-0.0511513 0.0745118
-0.0507058 0.0749906
-0.0502572 0.0754669
-0.0498057 0.0759408
-0.0493513 0.0764123
-0.0488939 0.0768812
-0.0484337 0.0773477
-0.0479706 0.0778115
-0.0475046 0.0782729
-0.0470358 0.0787316
-0.0465643 0.0791878
-0.04609 0.0796414
-0.0456129 0.0800923
-0.0451332 0.0805406
-0.0446508 0.0809862
-0.0441657 0.0814291
-0.043678 0.0818693
-0.0431878 0.0823068
-0.0426949 0.0827416
-0.0421995 0.0831736
-0.0417016 0.0836029
-0.0412013 0.0840293
-0.0406985 0.084453
-0.0401932 0.0848739
-0.0396856 0.0852919
-0.0391756 0.0857071
-0.0386633 0.0861194
-0.0381486 0.0865289
-0.0376317 0.0869355
-0.0371126 0.0873392
-0.0365912 0.08774
-0.0360676 0.0881379
-0.0355419 0.0885328
-0.035014 0.0889248
-0.0344841 0.0893138
-0.033952 0.0896999
-0.0334179 0.090083
-0.0328819 0.0904631
-0.0323438 0.0908402
-0.0318038 0.0912143
-0.0312618 0.0915854
-0.030718 0.0919535
-0.0301723 0.0923185
-0.0296247 0.0926805
-0.0290754 0.0930395
-0.0285243 0.0933953
-0.0279714 0.0937482
-0.0274169 0.0940979
-0.0268606 0.0944446
-0.0263027 0.0947882
-0.0257432 0.0951286
-0.0251821 0.095466
-0.0246195 0.0958003
-0.0240552 0.0961315
-0.0234895 0.0964596
-0.0229224 0.0967845
-0.0223538 0.0971064
-0.0217837 0.0974251
-0.0212123 0.0977406
-0.0206396 0.0980531
-0.0200655 0.0983624
-0.0194901 0.0986685
-0.0189135 0.0989716
-0.0183356 0.0992715
-0.0177566 0.0995682
-0.0171763 0.0998618
-0.016595 0.100152
-0.0160125 0.10044
-0.0154289 0.100724
-0.0148443 0.101005
-0.0142586 0.101283
-0.013672 0.101557
-0.0130844 0.101829
-0.0124958 0.102097
-0.0119064 0.102363
-0.0113161 0.102625
-0.0107249 0.102884
-0.0101329 0.10314
-0.00954013 0.103392
-0.00894658 0.103642
-0.00835231 0.103888
-0.00775733 0.104132
-0.00716167 0.104372
-0.00656537 0.104609
-0.00596844 0.104843
-0.00537093 0.105074
-0.00477285 0.105302
-0.00417424 0.105526
-0.00357512 0.105748
-0.00297552 0.105966
-0.00237547 0.106182
-0.00177499 0.106394
-0.00117412 0.106603
-0.000572871 0.10681
2.87173e-05 0.107013
0.000630622 0.107213
0.00123282 0.10741
0.00183527 0.107604
0.00243797 0.107795
0.00304087 0.107983
0.00364396 0.108168
0.00424721 0.10835
0.00485058 0.108529
0.00545407 0.108705
0.00605764 0.108878
0.00666126 0.109048
0.00726491 0.109215
0.00786857 0.109379
0.00847221 0.10954
0.0090758 0.109698
0.00967933 0.109854
0.0102828 0.110006
0.0108861 0.110156
0.0114892 0.110303
0.0120923 0.110446
0.0126951 0.110587
0.0132977 0.110726
0.0139 0.110861
0.0145022 0.110993
0.015104 0.111123
0.0157055 0.11125
0.0163067 0.111374
0.0169075 0.111495
0.017508 0.111614
0.0181081 0.11173
0.0187078 0.111843
0.019307 0.111953
0.0199057 0.112061
0.020504 0.112166
0.0211018 0.112268
0.0216991 0.112368
0.0222958 0.112465
0.0228919 0.11256
0.0234875 0.112651
0.0240825 0.112741
0.0246768 0.112827
0.0252705 0.112911
0.0258635 0.112993
0.0264559 0.113072
0.0270475 0.113148
0.0276385 0.113222
0.0282286 0.113294
0.0288181 0.113363
0.0294067 0.11343
0.0299946 0.113494
0.0305816 0.113555
0.0311679 0.113615
0.0317532 0.113672
0.0323377 0.113726
0.0329214 0.113778
0.0335041 0.113828
0.0340859 0.113876
0.0346668 0.113921
0.0352467 0.113964
0.0358257 0.114005
0.0364037 0.114043
0.0369807 0.11408
0.0375566 0.114114
0.0381316 0.114145
0.0387055 0.114175
0.0392784 0.114203
0.0398502 0.114228
0.0404209 0.114251
0.0409905 0.114272
0.041559 0.114292
0.0421264 0.114309
0.0426926 0.114324
0.0432577 0.114336
0.0438216 0.114347
0.0443843 0.114356
0.0449459 0.114363
0.0455062 0.114368
0.0460653 0.114371
0.0466232 0.114373
0.0471799 0.114372
0.0477353 0.114369
0.0482894 0.114365
0.0488423 0.114359
0.0493939 0.114351
0.0499442 0.114341
0.0504932 0.114329
0.0510408 0.114316
0.0515872 0.1143
0.0521322 0.114283
0.0526758 0.114265
0.0532181 0.114245
0.0537591 0.114223
0.0542986 0.114199
0.0548368 0.114174
0.0553736 0.114147
0.0559089 0.114119
0.0564429 0.114089
0.0569754 0.114057
0.0575066 0.114024
0.0580362 0.11399
0.0585645 0.113954
0.0590913 0.113916
0.0596166 0.113877
0.0601405 0.113837
0.0606629 0.113795
0.0611838 0.113752
0.0617032 0.113708
0.0622212 0.113662
0.0627376 0.113615
0.0632525 0.113566
0.063766 0.113516
0.0642779 0.113465
0.0647883 0.113413
0.0652971 0.113359
0.0658045 0.113304
0.0663103 0.113248
0.0668145 0.113191
0.0673172 0.113133
0.0678184 0.113073
0.068318 0.113013
0.068816 0.112951
0.0693125 0.112888
0.0698074 0.112825
0.0703008 0.11276
0.0707926 0.112694
0.0712828 0.112627
0.0717714 0.112559
0.0722584 0.11249
0.0727438 0.11242
0.0732277 0.11235
0.07371 0.112278
0.0741906 0.112205
0.0746697 0.112132
0.0751472 0.112058
0.075623 0.111983
0.0760973 0.111907
0.07657 0.11183
0.077041 0.111752
0.0775105 0.111674
0.0779783 0.111595
0.0784445 0.111515
0.0789092 0.111434
0.0793722 0.111353
0.0798336 0.111271
0.0802933 0.111189
0.0807515 0.111106
0.0812081 0.111022
0.081663 0.110937
0.0821163 0.110852
0.082568 0.110767
0.0830181 0.11068
0.0834666 0.110594
0.0839135 0.110506
0.0843588 0.110419
0.0848024 0.11033
0.0852444 0.110241
0.0856849 0.110152
0.0861237 0.110063
0.0865609 0.109973
0.0869965 0.109882
0.0874305 0.109791
0.0878629 0.1097
0.0882936 0.109608
0.0887228 0.109516
0.0891504 0.109424
0.0895764 0.109331
0.0900008 0.109238
0.0904236 0.109145
0.0908448 0.109051
0.0912644 0.108958
0.0916825 0.108864
0.0920989 0.108769
0.0925138 0.108675
0.0929271 0.10858
0.0933388 0.108485
0.0937489 0.10839
0.0941575 0.108295
0.0945645 0.1082
0.0949699 0.108104
0.0953738 0.108009
0.0957761 0.107913
0.0961769 0.107817
0.0965761 0.107722
0.0969738 0.107626
0.0973699 0.10753
0.0977645 0.107434
0.0981575 0.107338
0.098549 0.107242
0.098939 0.107146
0.0993275 0.10705
0.0997144 0.106954
0.1001 0.106858
0.100484 0.106762
0.100866 0.106666
0.101247 0.106571
0.101626 0.106475
0.102004 0.10638
0.102381 0.106284
0.102756 0.106189
0.103129 0.106094
0.103501 0.105999
0.103872 0.105904
0.104241 0.10581
0.104608 0.105715
0.104974 0.105621
0.105339 0.105527
0.105702 0.105433
0.106064 0.10534
0.106424 0.105246
0.106783 0.105153
0.107141 0.10506
0.107497 0.104968
0.107851 0.104875
0.108205 0.104783
0.108556 0.104692
0.108907 0.1046
0.109256 0.104509
0.109603 0.104418
0.10995 0.104328
0.110295 0.104238
0.110638 0.104148
0.11098 0.104059
0.111321 0.10397
0.11166 0.103881
0.111999 0.103793
0.112335 0.103705
0.112671 0.103618
0.113005 0.103531
0.113337 0.103444
0.113669 0.103358
0.113999 0.103272
0.114328 0.103187
0.114655 0.103102
0.114981 0.103018
0.115306 0.102934
0.11563 0.102851
0.115952 0.102768
0.116273 0.102685
0.116593 0.102603
0.116912 0.102522
0.117229 0.102441
0.117545 0.102361
0.11786 0.102281
0.118174 0.102201
0.118486 0.102122
0.118797 0.102044
0.119107 0.101966
0.119416 0.101889
0.119723 0.101812
0.120029 0.101736
0.120335 0.101661
0.120639 0.101586
0.120941 0.101511
0.121243 0.101437
0.121543 0.101364
0.121843 0.101291
0.122141 0.101219
0.122438 0.101148
0.122734 0.101077
0.123028 0.101006
0.123322 0.100937
0.123614 0.100868
0.123906 0.100799
0.124196 0.100731
0.124485 0.100664
0.124773 0.100597
0.12506 0.100532
0.125346 0.100466
0.125631 0.100401
0.125915 0.100337
0.126198 0.100274
0.126479 0.100211
0.12676 0.100149
0.12704 0.100087
0.127318 0.100027
0.127596 0.0999664
0.127872 0.0999068
0.128148 0.0998479
0.128423 0.0997896
0.128696 0.099732
0.128969 0.0996751
0.12924 0.0996188
0.129511 0.0995632
0.12978 0.0995082
0.130049 0.0994539
0.130317 0.0994003
0.130584 0.0993474
0.130849 0.0992951
0.131114 0.0992434
0.131378 0.0991925
0.131641 0.0991422
0.131903 0.0990925
0.132165 0.0990436
0.132425 0.0989952
0.132684 0.0989476
0.132943 0.0989006
0.1332 0.0988543
0.133457 0.0988087
0.133713 0.0987637
0.133968 0.0987194
0.134222 0.0986758
0.134476 0.0986328
0.134728 0.0985904
0.13498 0.0985488
0.135231 0.0985078
0.135481 0.0984674
0.13573 0.0984277
0.135978 0.0983887
0.136226 0.0983503
0.136473 0.0983125
0.136719 0.0982754
0.136964 0.098239
0.137209 0.0982031
0.137452 0.098168
0.137695 0.0981334
0.137938 0.0980996
0.138179 0.0980663
0.13842 0.0980337
0.13866 0.0980017
0.138899 0.0979703
0.139138 0.0979395
0.139376 0.0979094
0.139613 0.0978798
0.139849 0.0978509
0.140085 0.0978226
0.14032 0.0977949
0.140554 0.0977678
0.140788 0.0977413
0.141021 0.0977154
0.141254 0.0976901
0.141485 0.0976653
0.141717 0.0976412
0.141947 0.0976176
0.142177 0.0975946
0.142406 0.0975722
0.142635 0.0975503
0.142863 0.097529
0.14309 0.0975082
0.143317 0.097488
0.143543 0.0974683
0.143769 0.0974492
0.143994 0.0974306
0.144219 0.0974125
0.144442 0.0973949
0.144666 0.0973779
0.144889 0.0973614
0.145111 0.0973453
0.145333 0.0973298
0.145554 0.0973148
0.145775 0.0973002
0.145995 0.0972862
0.146215 0.0972726
0.146434 0.0972595
0.146653 0.0972468
0.146871 0.0972346
0.147089 0.0972229
0.147306 0.0972116
0.147523 0.0972007
0.147739 0.0971902
0.147955 0.0971802
0.148171 0.0971706
0.148386 0.0971614
0.1486 0.0971526
0.148814 0.0971442
0.149028 0.0971362
0.149242 0.0971286
0.149455 0.0971213
0.149667 0.0971144
0.149879 0.0971079
0.150091 0.0971017
0.150302 0.0970958
0.150513 0.0970903
0.150724 0.0970851
0.150934 0.0970802
0.151144 0.0970756
0.151354 0.0970713
0.151563 0.0970673
0.151772 0.0970636
0.151981 0.0970602
0.152189 0.097057
0.152397 0.0970541
0.152605 0.0970514
0.152812 0.097049
0.15302 0.0970467
0.153226 0.0970448
0.153433 0.097043
0.153639 0.0970414
0.153845 0.09704
0.154051 0.0970388
0.154257 0.0970378
0.154462 0.0970369
0.154667 0.0970362
0.154872 0.0970356
0.155077 0.0970352
0.155281 0.0970349
0.155485 0.0970347
0.155689 0.0970346
0.155893 0.0970346
0.156097 0.0970346
0.1563 0.0970348
0.156504 0.097035
0.156707 0.0970353
0.15691 0.0970356
0.157113 0.0970359
0.157315 0.0970363
0.157518 0.0970366
0.15772 0.097037
0.157922 0.0970373
0.158125 0.0970376
0.158327 0.0970379
0.158529 0.0970381
0.158731 0.0970383
0.158932 0.0970384
0.159134 0.0970385
0.159336 0.0970384
0.159537 0.0970382
0.159739 0.0970379
0.15994 0.0970375
0.160141 0.0970369
0.160343 0.0970362
0.160544 0.0970354
0.160745 0.0970343
0.160947 0.0970331
0.161148 0.0970316
0.161349 0.09703
0.16155 0.0970281
0.161752 0.097026
0.161953 0.0970237
0.162154 0.097021
0.162355 0.0970181
0.162557 0.097015
0.162758 0.0970115
0.162959 0.0970077
0.163161 0.0970035
0.163362 0.0969991
0.163564 0.0969943
0.163766 0.0969891
0.163967 0.0969835
0.164169 0.0969776
0.164371 0.0969712
0.164573 0.0969644
0.164775 0.0969572
0.164977 0.0969496
0.16518 0.0969414
0.165382 0.0969329
0.165585 0.0969238
0.165788 0.0969142
0.16599 0.0969041
0.166194 0.0968935
0.166397 0.0968823
0.1666 0.0968706
0.166804 0.0968583
0.167007 0.0968454
0.167211 0.096832
0.167415 0.0968179
0.16762 0.0968032
0.167824 0.0967878
0.168029 0.0967718
0.168234 0.0967551
0.168439 0.0967377
0.168644 0.0967196
0.16885 0.0967008
0.169055 0.0966813
0.169261 0.096661
0.169468 0.09664
0.169674 0.0966182
0.169881 0.0965956
0.170088 0.0965722
0.170296 0.0965479
0.170503 0.0965229
0.170711 0.0964969
0.170919 0.0964701
0.171128 0.0964425
0.171337 0.0964139
0.171546 0.0963844
0.171755 0.096354
0.171965 0.0963226
0.172175 0.0962903
0.172386 0.096257
0.172596 0.0962226
0.172808 0.0961873
0.173019 0.096151
0.173231 0.0961136
0.173443 0.0960751
0.173656 0.0960356
0.173869 0.095995
0.174082 0.0959533
0.174296 0.0959104
0.17451 0.0958664
0.174724 0.0958213
0.174939 0.0957749
0.175154 0.0957274
0.17537 0.0956787
0.175586 0.0956287
0.175802 0.0955775
0.176019 0.0955251
0.176237 0.0954713
0.176454 0.0954163
0.176673 0.09536
0.176891 0.0953023
0.17711 0.0952433
0.17733 0.0951829
0.17755 0.0951212
0.17777 0.095058
0.177991 0.0949934
0.178213 0.0949274
0.178434 0.09486
0.178657 0.0947911
0.17888 0.0947207
0.179103 0.0946488
0.179327 0.0945753
0.179551 0.0945004
0.179776 0.0944238
0.180001 0.0943457
0.180227 0.094266
0.180453 0.0941847
0.18068 0.0941018
0.180907 0.0940172
0.181135 0.0939309
0.181363 0.093843
0.181592 0.0937533
0.181821 0.093662
0.182051 0.0935689
0.182281 0.093474
0.182512 0.0933773
0.182744 0.0932789
0.182976 0.0931786
0.183208 0.0930766
0.183441 0.0929726
0.183675 0.0928668
0.183909 0.0927591
0.184144 0.0926495
0.184379 0.0925379
0.184615 0.0924244
0.184851 0.092309
0.185088 0.0921915
0.185325 0.092072
0.185563 0.0919506
0.185802 0.091827
0.186041 0.0917014
0.186281 0.0915738
0.186521 0.091444
0.186761 0.0913121
0.187003 0.091178
0.187245 0.0910418
0.187487 0.0909034
0.18773 0.0907628
0.187974 0.09062
0.188218 0.090475
0.188463 0.0903276
0.188708 0.090178
0.188954 0.0900261
0.1892 0.0898719
0.189447 0.0897153
0.189694 0.0895564
0.189943 0.0893951
0.190191 0.0892314
0.19044 0.0890653
0.19069 0.0888967
0.19094 0.0887256
0.191191 0.0885521
0.191442 0.0883761
0.191694 0.0881975
0.191947 0.0880164
0.1922 0.0878328
0.192453 0.0876465
0.192707 0.0874576
0.192962 0.0872662
0.193217 0.087072
0.193473 0.0868752
0.193729 0.0866757
0.193985 0.0864735
0.194243 0.0862686
0.1945 0.0860609
0.194759 0.0858504
0.195017 0.0856372
0.195276 0.0854211
0.195536 0.0852022
0.195796 0.0849804
0.196057 0.0847558
0.196318 0.0845282
0.19658 0.0842978
0.196842 0.0840644
0.197104 0.083828
0.197368 0.0835886
0.197631 0.0833463
0.197895 0.0831009
0.198159 0.0828525
0.198424 0.082601
0.198689 0.0823464
0.198955 0.0820887
0.199221 0.0818279
0.199487 0.0815639
0.199754 0.0812967
0.200021 0.0810264
0.200289 0.0807528
0.200557 0.080476
0.200825 0.0801959
0.201094 0.0799126
0.201363 0.0796259
0.201632 0.0793359
0.201902 0.0790426
0.202172 0.0787459
0.202442 0.0784459
0.202713 0.0781424
0.202983 0.0778354
0.203255 0.0775251
0.203526 0.0772112
0.203798 0.0768939
0.204069 0.0765731
0.204342 0.0762487
0.204614 0.0759207
0.204886 0.0755892
0.205159 0.0752541
0.205432 0.0749153
0.205705 0.0745729
0.205978 0.0742269
0.206252 0.0738771
0.206525 0.0735237
0.206799 0.0731665
0.207072 0.0728056
0.207346 0.0724409
0.20762 0.0720724
0.207894 0.0717001
0.208168 0.071324
0.208442 0.070944
0.208716 0.0705601
0.20899 0.0701724
0.209264 0.0697807
0.209537 0.0693851
0.209811 0.0689856
0.210085 0.068582
0.210359 0.0681745
0.210632 0.0677629
0.210906 0.0673473
0.211179 0.0669277
0.211452 0.0665039
0.211725 0.0660761
0.211998 0.0656441
0.21227 0.065208
0.212542 0.0647678
0.212814 0.0643233
0.213086 0.0638747
0.213358 0.0634218
0.213629 0.0629647
0.213899 0.0625034
0.21417 0.0620377
0.21444 0.0615678
0.214709 0.0610935
0.214979 0.060615
0.215247 0.060132
0.215516 0.0596447
0.215783 0.059153
0.216051 0.0586568
0.216317 0.0581563
0.216583 0.0576512
0.216849 0.0571418
0.217114 0.0566278
0.217378 0.0561093
0.217641 0.0555863
0.217904 0.0550587
0.218166 0.0545266
0.218428 0.05399
0.218688 0.0534487
0.218948 0.0529028
0.219207 0.0523523
0.219465 0.0517971
0.219723 0.0512372
0.219979 0.0506727
0.220234 0.0501035
0.220489 0.0495296
0.220742 0.0489509
0.220994 0.0483675
0.221246 0.0477793
0.221496 0.0471864
0.221745 0.0465886
0.221993 0.045986
0.22224 0.0453787
0.222485 0.0447664
0.22273 0.0441493
0.222973 0.0435274
0.223215 0.0429005
0.223455 0.0422688
0.223694 0.0416321
0.223932 0.0409905
0.224168 0.040344
0.224402 0.0396925
0.224636 0.0390361
0.224867 0.0383746
0.225097 0.0377082
0.225326 0.0370368
0.225552 0.0363603
0.225778 0.0356788
0.226001 0.0349923
0.226223 0.0343007
0.226442 0.033604
0.22666 0.0329023
0.226876 0.0321955
0.227091 0.0314835
0.227303 0.0307665
0.227513 0.0300444
0.227721 0.0293171
0.227927 0.0285847
0.228132 0.0278471
0.228333 0.0271044
0.228533 0.0263565
0.228731 0.0256034
0.228926 0.0248452
0.229119 0.0240817
0.229309 0.0233131
0.229498 0.0225392
0.229683 0.0217602
0.229867 0.0209759
0.230047 0.0201864
0.230225 0.0193917
0.230401 0.0185918
0.230574 0.0177866
0.230744 0.0169762
0.230912 0.0161605
0.231076 0.0153395
0.231238 0.0145134
0.231397 0.0136819
0.231553 0.0128452
0.231707 0.0120032
0.231857 0.011156
0.232004 0.0103035
0.232148 0.00944573
0.232288 0.00858269
0.232426 0.00771439
0.23256 0.00684081
0.232692 0.00596197
0.232819 0.00507785
0.232944 0.00418847
0.233065 0.00329383
0.233182 0.00239392
0.233296 0.00148875
0.233406 0.000578331
0.233513 -0.000337347
0.233616 -0.00125827
0.233715 -0.00218445
0.233811 -0.00311586
0.233902 -0.00405251
0.23399 -0.00499438
0.234074 -0.00594148
0.234154 -0.0068938
0.23423 -0.00785132
0.234301 -0.00881405
0.234369 -0.00978196
0.234432 -0.0107551
0.234492 -0.0117333
0.234546 -0.0127168
0.234597 -0.0137054
0.234643 -0.0146991
0.234685 -0.015698
0.234722 -0.016702
0.234754 -0.0177111
0.234782 -0.0187253
0.234805 -0.0197445
0.234824 -0.0207689
0.234838 -0.0217982
0.234847 -0.0228327
0.234851 -0.0238721
0.23485 -0.0249166
0.234844 -0.025966
0.234833 -0.0270204
0.234817 -0.0280798
0.234796 -0.0291441
0.234769 -0.0302133
0.234737 -0.0312874
0.2347 -0.0323663
0.234658 -0.0334502
0.23461 -0.0345388
0.234557 -0.0356323
0.234498 -0.0367305
0.234433 -0.0378335
0.234363 -0.0389412
0.234287 -0.0400537
0.234205 -0.0411708
0.234118 -0.0422926
0.234024 -0.0434191
0.233925 -0.0445501
0.233819 -0.0456857
0.233708 -0.0468259
0.23359 -0.0479705
0.233466 -0.0491197
0.233336 -0.0502733
0.2332 -0.0514314
0.233058 -0.0525938
0.232908 -0.0537606
0.232753 -0.0549317
0.232591 -0.0561072
0.232422 -0.0572868
0.232247 -0.0584707
0.232065 -0.0596588
0.231877 -0.060851
0.231681 -0.0620474
0.231479 -0.0632478
0.23127 -0.0644522
0.231053 -0.0656607
0.23083 -0.0668731
0.2306 -0.0680894
0.230363 -0.0693095
0.230118 -0.0705335
0.229866 -0.0717613
0.229607 -0.0729928
0.22934 -0.074228
0.229066 -0.0754669
0.228785 -0.0767093
0.228496 -0.0779553
0.2282 -0.0792049
0.227896 -0.0804578
0.227584 -0.0817142
0.227264 -0.0829739
0.226937 -0.0842369
0.226602 -0.0855032
0.226259 -0.0867727
0.225908 -0.0880453
0.225548 -0.0893211
0.225181 -0.0905998
0.224806 -0.0918816
0.224423 -0.0931663
0.224031 -0.0944538
0.223631 -0.0957441
0.223223 -0.0970372
0.222807 -0.098333
0.222382 -0.0996315
0.221948 -0.100932
0.221506 -0.102236
0.221056 -0.103542
0.220596 -0.10485
0.220129 -0.106161
0.219652 -0.107474
0.219167 -0.108789
0.218673 -0.110106
0.21817 -0.111426
0.217658 -0.112747
0.217137 -0.11407
0.216607 -0.115395
0.216068 -0.116722
0.21552 -0.11805
0.214963 -0.119381
0.214397 -0.120712
0.213822 -0.122046
0.213237 -0.12338
0.212643 -0.124716
0.21204 -0.126054
0.211427 -0.127392
0.210805 -0.128732
0.210173 -0.130072
0.209532 -0.131414
0.208881 -0.132756
0.208221 -0.134099
0.207551 -0.135443
0.206871 -0.136788
0.206182 -0.138133
0.205483 -0.139479
0.204774 -0.140825
0.204056 -0.142171
0.203327 -0.143518
0.202589 -0.144865
0.201841 -0.146211
0.201083 -0.147558
0.200315 -0.148905
0.199537 -0.150251
0.198749 -0.151597
0.197951 -0.152943
0.197143 -0.154288
0.196325 -0.155633
0.195496 -0.156977
0.194658 -0.15832
0.193809 -0.159663
0.19295 -0.161004
0.192081 -0.162345
0.191202 -0.163684
0.190312 -0.165022
0.189412 -0.166359
0.188502 -0.167694
0.187581 -0.169028
0.18665 -0.17036
0.185709 -0.171691
0.184757 -0.17302
0.183795 -0.174346
0.182823 -0.175671
0.18184 -0.176994
0.180847 -0.178314
0.179843 -0.179633
0.178829 -0.180949
0.177804 -0.182262
0.176769 -0.183573
0.175724 -0.184881
0.174668 -0.186186
0.173601 -0.187488
0.172524 -0.188787
0.171437 -0.190083
0.170339 -0.191376
0.16923 -0.192666
0.168111 -0.193952
0.166981 -0.195234
0.165841 -0.196513
0.164691 -0.197788
0.16353 -0.19906
0.162359 -0.200327
0.161177 -0.20159
0.159984 -0.202849
0.158781 -0.204104
0.157568 -0.205354
0.156344 -0.206599
0.15511 -0.207841
0.153866 -0.209077
0.152611 -0.210308
0.151345 -0.211535
0.15007 -0.212756
0.148784 -0.213973
0.147487 -0.215184
0.146181 -0.216389
0.144864 -0.217589
0.143537 -0.218783
0.142199 -0.219972
0.140851 -0.221155
0.139494 -0.222332
0.138126 -0.223503
0.136748 -0.224667
0.135359 -0.225825
0.133961 -0.226977
0.132553 -0.228123
0.131135 -0.229261
0.129706 -0.230393
0.128268 -0.231519
0.12682 -0.232637
0.125362 -0.233748
0.123894 -0.234852
0.122417 -0.235948
0.12093 -0.237037
0.119433 -0.238119
0.117926 -0.239193
0.11641 -0.240259
0.114885 -0.241318
0.11335 -0.242368
0.111805 -0.243411
0.110251 -0.244445
0.108688 -0.245471
0.107115 -0.246488
0.105533 -0.247497
0.103943 -0.248498
0.102342 -0.249489
0.100733 -0.250472
0.0991153 -0.251446
0.0974882 -0.252411
0.0958523 -0.253366
0.0942076 -0.254313
0.0925542 -0.25525
0.0908921 -0.256177
0.0892214 -0.257095
0.0875422 -0.258003
0.0858545 -0.258902
0.0841585 -0.25979
0.0824541 -0.260669
0.0807414 -0.261537
0.0790206 -0.262395
0.0772918 -0.263243
0.0755549 -0.264081
0.07381 -0.264908
0.0720574 -0.265724
0.0702969 -0.26653
0.0685288 -0.267325
0.0667531 -0.268109
0.0649698 -0.268882
0.0631791 -0.269644
0.0613811 -0.270395
0.0595758 -0.271134
0.0577633 -0.271862
0.0559438 -0.272579
0.0541173 -0.273284
0.0522839 -0.273977
0.0504437 -0.274659
0.0485968 -0.275329
0.0467433 -0.275987
0.0448833 -0.276633
0.0430169 -0.277266
0.0411442 -0.277888
0.0392652 -0.278497
0.0373802 -0.279094
0.0354891 -0.279679
0.0335922 -0.280251
0.0316895 -0.280811
0.029781 -0.281357
0.027867 -0.281891
0.0259475 -0.282413
0.0240227 -0.282921
0.0220926 -0.283416
0.0201573 -0.283898
0.018217 -0.284368
0.0162718 -0.284823
0.0143217 -0.285266
0.012367 -0.285695
0.0104077 -0.286111
0.00844393 -0.286514
0.0064758 -0.286902
0.00450345 -0.287278
0.00252697 -0.287639
0.000546508 -0.287987
-0.00143783 -0.288321
-0.00342593 -0.288641
-0.00541766 -0.288947
-0.00741291 -0.289239
-0.00941154 -0.289518
-0.0114134 -0.289782
-0.0134185 -0.290032
-0.0154265 -0.290267
-0.0174375 -0.290489
-0.0194512 -0.290696
-0.0214676 -0.290889
-0.0234865 -0.291067
-0.0255077 -0.291231
-0.0275312 -0.291381
-0.0295569 -0.291516
-0.0315845 -0.291636
-0.0336141 -0.291742
-0.0356453 -0.291833
-0.0376782 -0.291909
-0.0397126 -0.291971
-0.0417483 -0.292018
-0.0437852 -0.29205
-0.0458232 -0.292068
-0.0478621 -0.29207
-0.0499019 -0.292058
-0.0519424 -0.29203
-0.0539834 -0.291988
-0.0560249 -0.291931
-0.0580666 -0.291859
-0.0601085 -0.291772
-0.0621504 -0.29167
-0.0641921 -0.291552
-0.0662337 -0.29142
-0.0682748 -0.291273
-0.0703154 -0.29111
-0.0723554 -0.290933
-0.0743946 -0.29074
-0.0764328 -0.290533
-0.07847 -0.29031
-0.080506 -0.290072
-0.0825407 -0.289819
-0.0845739 -0.289551
-0.0866055 -0.289267
-0.0886353 -0.288969
-0.0906633 -0.288655
-0.0926893 -0.288326
-0.0947131 -0.287982
-0.0967347 -0.287623
-0.0987539 -0.287249
-0.10077 -0.28686
-0.102784 -0.286456
-0.104796 -0.286037
-0.106804 -0.285602
-0.108809 -0.285153
-0.110811 -0.284688
-0.112809 -0.284209
-0.114804 -0.283714
-0.116796 -0.283205
-0.118783 -0.28268
-0.120767 -0.282141
-0.122747 -0.281587
-0.124723 -0.281018
-0.126694 -0.280434
-0.128661 -0.279835
-0.130623 -0.279222
-0.132581 -0.278594
-0.134534 -0.277951
-0.136482 -0.277293
-0.138426 -0.276621
-0.140363 -0.275934
-0.142296 -0.275233
-0.144223 -0.274517
-0.146145 -0.273786
-0.148061 -0.273042
-0.149971 -0.272283
-0.151876 -0.271509
-0.153774 -0.270722
-0.155666 -0.26992
-0.157552 -0.269103
-0.159431 -0.268273
-0.161304 -0.267429
-0.16317 -0.266571
-0.16503 -0.265699
-0.166883 -0.264812
-0.168728 -0.263912
-0.170567 -0.262999
-0.172398 -0.262071
-0.174222 -0.26113
-0.176039 -0.260176
-0.177848 -0.259207
-0.179649 -0.258226
-0.181443 -0.257231
-0.183229 -0.256223
-0.185006 -0.255201
-0.186776 -0.254166
-0.188537 -0.253119
-0.19029 -0.252058
-0.192035 -0.250984
-0.193771 -0.249897
-0.195499 -0.248798
-0.197218 -0.247686
-0.198928 -0.246561
-0.200629 -0.245424
-0.202321 -0.244274
-0.204004 -0.243112
-0.205677 -0.241938
-0.207342 -0.240751
-0.208997 -0.239553
-0.210642 -0.238342
-0.212278 -0.237119
-0.213905 -0.235885
-0.215521 -0.234638
-0.217128 -0.23338
-0.218725 -0.232111
-0.220311 -0.23083
-0.221888 -0.229537
-0.223454 -0.228233
-0.225011 -0.226918
-0.226556 -0.225592
-0.228092 -0.224255
-0.229617 -0.222907
-0.231131 -0.221548
-0.232635 -0.220178
-0.234128 -0.218798
-0.23561 -0.217407
-0.237081 -0.216006
-0.238541 -0.214594
-0.23999 -0.213173
-0.241428 -0.211741
-0.242855 -0.210299
-0.244271 -0.208847
-0.245676 -0.207385
-0.247069 -0.205914
-0.248451 -0.204433
-0.249821 -0.202943
-0.25118 -0.201443
-0.252527 -0.199934
-0.253862 -0.198416
-0.255186 -0.196889
-0.256498 -0.195352
-0.257798 -0.193807
-0.259087 -0.192253
-0.260363 -0.190691
-0.261628 -0.18912
-0.26288 -0.187541
-0.264121 -0.185953
-0.265349 -0.184357
-0.266565 -0.182753
-0.267769 -0.181142
-0.268961 -0.179522
-0.270141 -0.177894
-0.271308 -0.176259
-0.272463 -0.174617
-0.273606 -0.172967
-0.274736 -0.17131
-0.275853 -0.169645
-0.276959 -0.167974
-0.278052 -0.166296
-0.279132 -0.164611
-0.2802 -0.162919
-0.281255 -0.16122
-0.282297 -0.159515
-0.283327 -0.157804
-0.284344 -0.156086
-0.285349 -0.154363
-0.286341 -0.152633
-0.28732 -0.150897
-0.288286 -0.149156
-0.28924 -0.147409
-0.290181 -0.145656
-0.291109 -0.143898
-0.292024 -0.142135
-0.292927 -0.140366
-0.293817 -0.138592
-0.294694 -0.136813
-0.295558 -0.13503
-0.296409 -0.133241
-0.297248 -0.131448
-0.298073 -0.129651
-0.298886 -0.127849
-0.299686 -0.126042
-0.300473 -0.124232
-0.301247 -0.122417
-0.302009 -0.120598
-0.302757 -0.118776
-0.303493 -0.11695
-0.304216 -0.11512
-0.304926 -0.113287
-0.305623 -0.11145
-0.306308 -0.10961
-0.306979 -0.107766
-0.307638 -0.10592
-0.308285 -0.104071
-0.308918 -0.102218
-0.309539 -0.100363
-0.310147 -0.0985057
-0.310742 -0.0966455
-0.311324 -0.0947829
-0.311894 -0.092918
-0.312451 -0.0910508
-0.312996 -0.0891815
-0.313528 -0.0873103
-0.314047 -0.0854371
-0.314554 -0.0835621
-0.315048 -0.0816855
-0.31553 -0.0798072
-0.315999 -0.0779275
-0.316456 -0.0760464
-0.316901 -0.074164
-0.317333 -0.0722804
-0.317752 -0.0703958
-0.31816 -0.0685102
-0.318555 -0.0666237
-0.318938 -0.0647364
-0.319308 -0.0628485
-0.319666 -0.06096
-0.320013 -0.059071
-0.320347 -0.0571817
-0.320669 -0.055292
-0.320979 -0.0534022
-0.321276 -0.0515123
-0.321562 -0.0496224
-0.321836 -0.0477326
-0.322099 -0.045843
-0.322349 -0.0439537
-0.322587 -0.0420647
-0.322814 -0.0401763
-0.323029 -0.0382884
-0.323233 -0.0364011
-0.323424 -0.0345146
-0.323605 -0.032629
-0.323773 -0.0307442
-0.323931 -0.0288605
-0.324076 -0.0269779
-0.324211 -0.0250964
-0.324334 -0.0232162
-0.324446 -0.0213374
-0.324547 -0.01946
-0.324636 -0.0175842
-0.324715 -0.0157099
-0.324782 -0.0138374
-0.324838 -0.0119666
-0.324884 -0.0100976
-0.324918 -0.00823064
-0.324942 -0.00636565
-0.324955 -0.00450274
-0.324957 -0.002642
-0.324949 -0.000783511
-0.32493 0.00107266
-0.3249 0.00292644
-0.32486 0.00477774
-0.32481 0.0066265
-0.324749 0.00847265
-0.324678 0.0103161
-0.324597 0.0121568
-0.324506 0.0139946
-0.324404 0.0158296
-0.324292 0.0176616
-0.324171 0.0194905
-0.32404 0.0213163
-0.323898 0.023139
-0.323747 0.0249584
-0.323586 0.0267745
-0.323416 0.0285872
-0.323236 0.0303965
-0.323047 0.0322023
-0.322848 0.0340045
-0.322639 0.0358031
-0.322422 0.037598
-0.322195 0.0393892
-0.321959 0.0411766
-0.321714 0.0429601
-0.321459 0.0447397
-0.321196 0.0465153
-0.320924 0.0482869
-0.320643 0.0500544
-0.320354 0.0518177
-0.320055 0.0535769
-0.319749 0.0553318
-0.319433 0.0570824
-0.319109 0.0588286
-0.318777 0.0605705
-0.318436 0.0623079
-0.318087 0.0640408
-0.31773 0.0657691
-0.317365 0.0674928
-0.316992 0.0692119
-0.316611 0.0709264
-0.316221 0.072636
-0.315824 0.0743409
-0.31542 0.076041
-0.315007 0.0777362
-0.314587 0.0794265
-0.31416 0.0811119
-0.313725 0.0827923
-0.313283 0.0844676
-0.312833 0.0861379
-0.312376 0.087803
-0.311912 0.0894631
-0.311441 0.0911179
-0.310963 0.0927675
-0.310478 0.0944119
-0.309986 0.096051
-0.309487 0.0976848
-0.308982 0.0993132
-0.308469 0.100936
-0.307951 0.102554
-0.307426 0.104166
-0.306894 0.105773
-0.306356 0.107374
-0.305812 0.10897
-0.305261 0.11056
-0.304705 0.112144
-0.304142 0.113723
-0.303573 0.115296
-0.302999 0.116864
-0.302419 0.118426
-0.301832 0.119982
-0.301241 0.121532
-0.300643 0.123077
-0.30004 0.124616
-0.299432 0.126149
-0.298818 0.127676
-0.298199 0.129198
-0.297574 0.130713
-0.296945 0.132223
-0.29631 0.133727
-0.29567 0.135225
-0.295025 0.136717
-0.294376 0.138203
-0.293721 0.139683
-0.293062 0.141157
-0.292398 0.142625
-0.29173 0.144087
-0.291057 0.145543
-0.290379 0.146993
-0.289698 0.148437
-0.289011 0.149875
-0.288321 0.151307
-0.287626 0.152732
-0.286927 0.154152
-0.286225 0.155566
-0.285518 0.156973
-0.284807 0.158375
-0.284093 0.15977
-0.283374 0.161159
-0.282652 0.162542
-0.281926 0.163919
-0.281197 0.16529
-0.280465 0.166655
-0.279728 0.168013
-0.278989 0.169366
-0.278246 0.170712
-0.2775 0.172052
-0.276751 0.173386
-0.275998 0.174714
-0.275243 0.176035
-0.274484 0.177351
-0.273723 0.17866
-0.272959 0.179963
-0.272192 0.181261
-0.271422 0.182551
-0.27065 0.183836
-0.269875 0.185115
-0.269098 0.186387
-0.268318 0.187654
-0.267536 0.188914
-0.266751 0.190168
-0.265964 0.191416
-0.265175 0.192658
-0.264384 0.193894
-0.26359 0.195124
-0.262795 0.196347
-0.261998 0.197565
-0.261198 0.198776
-0.260397 0.199982
-0.259594 0.201181
-0.258789 0.202374
-0.257983 0.203562
-0.257175 0.204743
-0.256365 0.205918
-0.255554 0.207087
-0.254741 0.20825
-0.253927 0.209408
-0.253112 0.210559
-0.252295 0.211704
-0.251477 0.212843
-0.250658 0.213977
-0.249838 0.215104
-0.249017 0.216226
-0.248194 0.217342
-0.247371 0.218451
-0.246547 0.219555
-0.245722 0.220653
-0.244896 0.221745
-0.244069 0.222832
-0.243242 0.223912
-0.242414 0.224987
-0.241585 0.226056
-0.240756 0.227119
-0.239926 0.228177
-0.239096 0.229229
-0.238265 0.230275
-0.237434 0.231315
-0.236603 0.23235
-0.235771 0.233379
-0.23494 0.234402
-0.234108 0.23542
-0.233275 0.236432
-0.232443 0.237439
-0.231611 0.23844
-0.230779 0.239435
-0.229946 0.240425
-0.229114 0.24141
-0.228282 0.242389
-0.22745 0.243362
-0.226619 0.24433
-0.225787 0.245293
-0.224956 0.24625
-0.224125 0.247202
-0.223295 0.248149
-0.222465 0.24909
-0.221635 0.250026
-0.220806 0.250956
-0.219978 0.251881
-0.21915 0.252801
-0.218323 0.253716
-0.217496 0.254626
-0.21667 0.25553
-0.215845 0.256429
-0.21502 0.257323
-0.214197 0.258212
-0.213374 0.259096
-0.212552 0.259975
-0.211731 0.260849
-0.210911 0.261718
-0.210091 0.262581
-0.209273 0.26344
-0.208456 0.264294
-0.20764 0.265143
-0.206825 0.265987
-0.206011 0.266826
-0.205199 0.26766
-0.204387 0.268489
-0.203577 0.269314
-0.202768 0.270134
-0.20196 0.270949
-0.201154 0.271759
-0.200349 0.272565
-0.199545 0.273365
-0.198743 0.274162
-0.197942 0.274953
-0.197143 0.27574
-0.196345 0.276523
-0.195548 0.2773
-0.194754 0.278074
-0.19396 0.278842
-0.193169 0.279607
-0.192378 0.280366
-0.19159 0.281122
-0.190803 0.281873
-0.190018 0.282619
-0.189235 0.283361
-0.188453 0.284099
-0.187673 0.284833
-0.186895 0.285562
-0.186119 0.286287
-0.185344 0.287008
-0.184571 0.287724
-0.1838 0.288436
-0.183031 0.289144
-0.182264 0.289848
-0.181499 0.290548
-0.180736 0.291244
-0.179975 0.291936
-0.179215 0.292623
-0.178458 0.293307
-0.177703 0.293987
-0.176949 0.294662
-0.176198 0.295334
-0.175449 0.296002
-0.174702 0.296666
-0.173956 0.297326
-0.173214 0.297982
-0.172473 0.298635
-0.171734 0.299283
-0.170997 0.299928
-0.170263 0.300569
-0.169531 0.301207
-0.168801 0.30184
-0.168073 0.30247
-0.167347 0.303097
-0.166624 0.303719
-0.165902 0.304339
-0.165183 0.304954
-0.164467 0.305566
-0.163752 0.306175
-0.16304 0.30678
-0.16233 0.307381
-0.161622 0.307979
-0.160917 0.308574
-0.160214 0.309165
-0.159513 0.309753
-0.158815 0.310338
-0.158119 0.310919
-0.157425 0.311497
-0.156734 0.312071
-0.156045 0.312642
-0.155358 0.31321
-0.154674 0.313775
-0.153992 0.314337
-0.153312 0.314895
-0.152635 0.315451
-0.15196 0.316003
-0.151288 0.316552
-0.150617 0.317098
-0.14995 0.317641
-0.149285 0.318181
-0.148622 0.318718
-0.147961 0.319252
-0.147303 0.319783
-0.146648 0.320311
-0.145994 0.320836
-0.145344 0.321358
-0.144695 0.321877
-0.144049 0.322394
-0.143406 0.322907
-0.142764 0.323418
-0.142126 0.323926
-0.141489 0.324431
-0.140855 0.324934
-0.140224 0.325433
-0.139595 0.32593
-0.138968 0.326425
-0.138344 0.326916
-0.137722 0.327405
-0.137102 0.327892
-0.136485 0.328376
-0.135871 0.328857
-0.135258 0.329335
-0.134648 0.329811
-0.134041 0.330285
-0.133436 0.330756
-0.132833 0.331225
-0.132232 0.331691
-0.131634 0.332154
-0.131039 0.332616
-0.130445 0.333074
-0.129854 0.333531
-0.129266 0.333985
-0.128679 0.334436
-0.128095 0.334886
-0.127514 0.335333
-0.126934 0.335778
-0.126357 0.33622
-0.125783 0.33666
-0.12521 0.337098
-0.12464 0.337534
-0.124072 0.337967
-0.123507 0.338399
-0.122943 0.338828
-0.122382 0.339255
-0.121823 0.33968
-0.121267 0.340103
-0.120713 0.340523
-0.12016 0.340942
-0.11961 0.341358
-0.119063 0.341773
-0.118517 0.342185
-0.117974 0.342596
-0.117432 0.343004
-0.116893 0.343411
-0.116356 0.343815
-0.115822 0.344218
-0.115289 0.344618
-0.114758 0.345017
-0.11423 0.345414
-0.113703 0.345809
-0.113179 0.346202
-0.112657 0.346593
-0.112136 0.346982
-0.111618 0.34737
-0.111102 0.347756
-0.110588 0.34814
-0.110075 0.348522
-0.109565 0.348902
-0.109057 0.349281
-0.10855 0.349658
-0.108046 0.350033
-0.107543 0.350406
-0.107043 0.350778
-0.106544 0.351148
-0.106047 0.351517
-0.105552 0.351884
-0.105059 0.352249
-0.104567 0.352612
-0.104077 0.352974
-0.10359 0.353335
-0.103104 0.353694
-0.102619 0.354051
-0.102137 0.354407
-0.101656 0.354761
-0.101177 0.355113
-0.100699 0.355464
-0.100223 0.355814
-0.0997493 0.356162
-0.0992768 0.356509
-0.0988058 0.356854
-0.0983365 0.357198
-0.0978688 0.35754
-0.0974026 0.357881
-0.0969379 0.35822
-0.0964748 0.358558
-0.0960131 0.358895
-0.095553 0.35923
-0.0950943 0.359564
-0.094637 0.359897
-0.0941812 0.360228
-0.0937268 0.360558
-0.0932737 0.360886
-0.092822 0.361214
-0.0923717 0.361539
-0.0919227 0.361864
-0.0914749 0.362187
-0.0910285 0.36251
-0.0905833 0.36283
-0.0901394 0.36315
-0.0896966 0.363468
-0.0892551 0.363785
-0.0888148 0.364101
-0.0883755 0.364416
-0.0879375 0.36473
-0.0875005 0.365042
-0.0870646 0.365353
-0.0866298 0.365663
-0.0861961 0.365972
-0.0857633 0.366279
-0.0853316 0.366586
-0.0849008 0.366891
-0.084471 0.367196
-0.0840421 0.367499
-0.0836142 0.367801
-0.0831871 0.368102
-0.0827609 0.368402
-0.0823355 0.3687
-0.081911 0.368998
-0.0814872 0.369295
-0.0810642 0.36959
-0.080642 0.369885
-0.0802204 0.370178
-0.0797996 0.370471
-0.0793795 0.370762
-0.07896 0.371053
-0.0785411 0.371342
-0.0781229 0.371631
-0.0777052 0.371918
-0.077288 0.372204
-0.0768715 0.37249
-0.0764554 0.372774
-0.0760398 0.373058
-0.0756246 0.37334
-0.0752099 0.373622
-0.0747956 0.373903
-0.0743817 0.374183
-0.0739681 0.374461
-0.0735549 0.374739
-0.073142 0.375016
-0.0727294 0.375292
-0.072317 0.375567
-0.0719048 0.375842
-0.0714929 0.376115
-0.0710812 0.376387
-0.0706696 0.376659
-0.0702581 0.37693
-0.0698467 0.377199
-0.0694355 0.377468
-0.0690242 0.377737
-0.068613 0.378004
-0.0682018 0.37827
-0.0677906 0.378536
-0.0673793 0.3788
-0.066968 0.379064
-0.0665566 0.379327
-0.066145 0.379589
-0.0657332 0.379851
-0.0653213 0.380111
-0.0649092 0.380371
-0.0644969 0.38063
-0.0640843 0.380888
-0.0636714 0.381145
-0.0632582 0.381402
-0.0628446 0.381658
-0.0624307 0.381912
-0.0620164 0.382167
-0.0616017 0.38242
-0.0611865 0.382672
-0.0607708 0.382924
-0.0603547 0.383175
-0.059938 0.383425
-0.0595208 0.383675
-0.059103 0.383923
-0.0586846 0.384171
-0.0582655 0.384418
-0.0578458 0.384665
-0.0574254 0.38491
-0.0570043 0.385155
-0.0565824 0.385399
-0.0561598 0.385643
-0.0557364 0.385885
-0.0553121 0.386127
-0.0548871 0.386368
-0.0544611 0.386608
-0.0540342 0.386848
-0.0536064 0.387087
-0.0531776 0.387325
-0.0527479 0.387562
-0.0523171 0.387799
-0.0518853 0.388035
-0.0514524 0.38827
-0.0510184 0.388504
-0.0505833 0.388738
-0.0501471 0.388971
-0.0497097 0.389203
-0.049271 0.389434
-0.0488312 0.389665
-0.04839 0.389895
-0.0479476 0.390124
-0.0475039 0.390352
-0.0470589 0.39058
-0.0466124 0.390807
-0.0461646 0.391033
-0.0457154 0.391258
-0.0452647 0.391483
-0.0448125 0.391707
-0.0443588 0.39193
-0.0439036 0.392152
-0.0434468 0.392374
-0.0429885 0.392595
-0.0425285 0.392815
-0.0420669 0.393034
-0.0416037 0.393253
-0.0411387 0.39347
-0.040672 0.393687
-0.0402036 0.393904
-0.0397334 0.394119
-0.0392614 0.394334
-0.0387875 0.394548
-0.0383119 0.394761
-0.0378343 0.394973
-0.0373548 0.395184
-0.0368734 0.395395
-0.03639 0.395605
-0.0359047 0.395814
-0.0354173 0.396022
-0.0349279 0.39623
-0.0344364 0.396436
-0.0339428 0.396642
-0.0334471 0.396847
-0.0329492 0.397051
-0.0324492 0.397254
-0.031947 0.397457
-0.0314426 0.397658
-0.0309359 0.397859
-0.0304269 0.398058
-0.0299156 0.398257
-0.029402 0.398455
-0.028886 0.398652
-0.0283676 0.398849
-0.0278469 0.399044
-0.0273237 0.399238
-0.026798 0.399432
-0.0262699 0.399624
-0.0257393 0.399816
-0.0252061 0.400006
-0.0246703 0.400196
-0.024132 0.400385
-0.0235911 0.400573
-0.0230475 0.400759
-0.0225012 0.400945
-0.0219523 0.40113
-0.0214007 0.401314
-0.0208463 0.401496
-0.0202892 0.401678
-0.0197292 0.401859
-0.0191665 0.402038
-0.0186009 0.402217
-0.0180325 0.402394
-0.0174612 0.402571
-0.016887 0.402746
-0.0163099 0.40292
-0.0157298 0.403093
-0.0151467 0.403265
-0.0145606 0.403436
-0.0139715 0.403606
-0.0133793 0.403774
-0.0127841 0.403942
-0.0121858 0.404108
-0.0115843 0.404273
-0.0109798 0.404437
-0.010372 0.404599
-0.00976107 0.40476
-0.00914692 0.40492
-0.00852954 0.405079
-0.00790891 0.405237
-0.00728499 0.405393
-0.00665778 0.405547
-0.00602725 0.405701
-0.00539337 0.405853
-0.00475613 0.406004
-0.0041155 0.406153
-0.00347146 0.406301
-0.002824 0.406448
-0.00217308 0.406593
-0.00151869 0.406737
-0.000860814 0.406879
-0.000199421 0.40702
0.000465505 0.407159
0.00113399 0.407297
0.00180604 0.407433
0.00248169 0.407568
0.00316095 0.407701
0.00384384 0.407833
0.00453039 0.407963
0.00522061 0.408091
0.00591453 0.408218
0.00661215 0.408343
0.0073135 0.408466
0.00801861 0.408588
0.00872747 0.408708
0.00944013 0.408826
0.0101566 0.408943
0.0108769 0.409057
0.011601 0.40917
0.0123289 0.409281
0.0130608 0.40939
0.0137965 0.409498
0.0145362 0.409603
0.0152797 0.409707
0.0160272 0.409808
0.0167787 0.409908
0.0175342 0.410005
0.0182936 0.410101
0.019057 0.410195
0.0198245 0.410286
0.020596 0.410376
0.0213715 0.410463
0.0221511 0.410548
0.0229348 0.410631
0.0237226 0.410712
0.0245144 0.410791
0.0253105 0.410867
0.0261106 0.410941
0.0269149 0.411013
0.0277233 0.411082
0.028536 0.41115
0.0293528 0.411214
0.0301738 0.411277
0.030999 0.411337
0.0318285 0.411394
0.0326622 0.411449
0.0335001 0.411502
0.0343423 0.411552
0.0351887 0.411599
0.0360395 0.411644
0.0368945 0.411686
0.0377538 0.411726
0.0386175 0.411763
0.0394854 0.411797
0.0403577 0.411828
0.0412343 0.411857
0.0421153 0.411882
0.0430006 0.411905
0.0438902 0.411925
0.0447843 0.411942
0.0456827 0.411957
0.0465855 0.411968
0.0474927 0.411976
0.0484043 0.411981
0.0493202 0.411983
0.0502406 0.411982
0.0511654 0.411978
0.0520946 0.411971
0.0530283 0.41196
0.0539663 0.411946
0.0549088 0.411929
0.0558558 0.411908
0.0568071 0.411885
0.0577629 0.411857
0.0587232 0.411827
0.0596879 0.411793
0.060657 0.411755
0.0616306 0.411714
0.0626086 0.411669
0.0635911 0.411621
0.0645781 0.411569
0.0655695 0.411513
0.0665653 0.411454
0.0675656 0.411391
0.0685703 0.411324
0.0695795 0.411253
0.0705932 0.411178
0.0716113 0.411099
0.0726338 0.411017
0.0736607 0.41093
0.0746921 0.410839
0.075728 0.410745
0.0767682 0.410646
0.0778129 0.410543
0.078862 0.410435
0.0799155 0.410324
0.0809734 0.410208
0.0820357 0.410088
0.0831025 0.409963
0.0841736 0.409834
0.085249 0.409701
0.0863289 0.409563
0.0874131 0.409421
0.0885016 0.409274
0.0895946 0.409122
0.0906918 0.408966
0.0917934 0.408805
0.0928992 0.408639
0.0940094 0.408468
0.0951239 0.408293
0.0962427 0.408112
0.0973657 0.407927
0.0984929 0.407737
0.0996245 0.407541
0.10076 0.407341
0.1019 0.407135
0.103044 0.406925
0.104193 0.406709
0.105345 0.406487
0.106502 0.406261
0.107663 0.406029
0.108827 0.405792
0.109996 0.405549
0.11117 0.405301
0.112347 0.405047
0.113528 0.404788
0.114713 0.404523
0.115902 0.404252
0.117095 0.403976
0.118293 0.403694
0.119494 0.403406
0.120699 0.403112
0.121907 0.402812
0.12312 0.402506
0.124337 0.402195
0.125557 0.401877
0.126781 0.401553
0.128009 0.401223
0.129241 0.400887
0.130476 0.400544
0.131716 0.400195
0.132958 0.39984
0.134205 0.399478
0.135455 0.39911
0.136708 0.398736
0.137965 0.398355
0.139226 0.397967
0.14049 0.397573
0.141758 0.397172
0.143029 0.396764
0.144303 0.396349
0.145581 0.395928
0.146862 0.3955
0.148146 0.395064
0.149434 0.394622
0.150725 0.394173
0.152019 0.393716
0.153316 0.393253
0.154616 0.392782
0.155919 0.392304
0.157225 0.391819
0.158535 0.391326
0.159847 0.390826
0.161162 0.390319
0.16248 0.389804
0.163801 0.389282
0.165124 0.388752
0.166451 0.388214
0.16778 0.387669
0.169111 0.387116
0.170446 0.386555
0.171782 0.385987
0.173122 0.38541
0.174464 0.384826
0.175808 0.384233
0.177154 0.383633
0.178503 0.383025
0.179854 0.382408
0.181208 0.381783
0.182564 0.381151
0.183921 0.380509
0.185281 0.37986
0.186643 0.379202
0.188007 0.378536
0.189372 0.377861
0.19074 0.377178
0.192109 0.376487
0.19348 0.375786
0.194853 0.375078
0.196228 0.37436
0.197604 0.373634
0.198981 0.372899
0.20036 0.372155
0.201741 0.371403
0.203122 0.370641
0.204506 0.369871
0.20589 0.369091
0.207275 0.368303
0.208662 0.367505
0.21005 0.366699
0.211438 0.365883
0.212828 0.365058
0.214218 0.364224
0.215609 0.36338
0.217001 0.362527
0.218394 0.361665
0.219787 0.360794
0.221181 0.359913
0.222575 0.359022
0.223969 0.358122
0.225364 0.357213
0.226759 0.356293
0.228154 0.355365
0.22955 0.354426
0.230945 0.353478
0.23234 0.35252
0.233736 0.351552
0.235131 0.350575
0.236526 0.349587
0.23792 0.34859
0.239314 0.347583
0.240708 0.346566
0.242101 0.345539
0.243493 0.344501
0.244885 0.343454
0.246276 0.342397
0.247666 0.341329
0.249055 0.340252
0.250443 0.339164
0.25183 0.338066
0.253216 0.336957
0.254601 0.335839
0.255984 0.33471
0.257366 0.333571
0.258746 0.332421
0.260125 0.331261
0.261502 0.330091
0.262877 0.32891
0.26425 0.327718
0.265622 0.326516
0.266991 0.325304
0.268359 0.324081
0.269724 0.322848
0.271087 0.321604
0.272448 0.320349
0.273806 0.319083
0.275161 0.317808
0.276514 0.316521
0.277864 0.315223
0.279212 0.313915
0.280556 0.312597
0.281898 0.311267
0.283236 0.309927
0.284572 0.308576
0.285904 0.307214
0.287232 0.305841
0.288558 0.304457
0.289879 0.303063
0.291198 0.301658
0.292512 0.300242
0.293822 0.298815
0.295129 0.297377
0.296432 0.295928
0.29773 0.294469
0.299024 0.292998
0.300314 0.291517
0.3016 0.290024
0.302881 0.288521
0.304158 0.287007
0.30543 0.285482
0.306697 0.283946
0.307959 0.282399
0.309216 0.280841
0.310468 0.279272
0.311715 0.277692
0.312957 0.276102
0.314193 0.2745
0.315424 0.272887
0.316649 0.271264
0.317868 0.269629
0.319082 0.267984
0.32029 0.266328
0.321492 0.264661
0.322688 0.262983
0.323877 0.261294
0.325061 0.259594
0.326238 0.257883
0.327408 0.256162
0.328572 0.25443
0.329729 0.252687
0.33088 0.250933
0.332023 0.249168
0.333159 0.247392
0.334289 0.245606
0.335411 0.243809
0.336526 0.242002
0.337633 0.240183
0.338733 0.238354
0.339825 0.236515
0.34091 0.234664
0.341987 0.232803
0.343055 0.230932
0.344116 0.22905
0.345169 0.227158
0.346213 0.225255
0.347249 0.223341
0.348276 0.221417
0.349295 0.219483
0.350306 0.217538
0.351307 0.215583
0.3523 0.213618
0.353283 0.211643
0.354258 0.209657
0.355223 0.207661
0.35618 0.205655
0.357126 0.203639
0.358064 0.201613
0.358991 0.199577
0.359909 0.197531
0.360817 0.195475
0.361716 0.193409
0.362604 0.191333
0.363482 0.189247
0.36435 0.187152
0.365207 0.185047
0.366055 0.182933
0.366891 0.180808
0.367717 0.178675
0.368533 0.176532
0.369337 0.174379
0.370131 0.172217
0.370913 0.170046
0.371685 0.167865
0.372445 0.165676
0.373194 0.163477
0.373931 0.161269
0.374657 0.159052
0.375372 0.156826
0.376074 0.154592
0.376765 0.152348
0.377444 0.150096
0.378111 0.147835
0.378765 0.145566
0.379408 0.143288
0.380038 0.141002
0.380656 0.138707
0.381262 0.136404
0.381854 0.134092
0.382435 0.131773
0.383002 0.129445
0.383557 0.12711
0.384098 0.124767
0.384627 0.122415
0.385142 0.120056
0.385644 0.11769
0.386133 0.115315
0.386609 0.112934
0.387071 0.110544
0.387519 0.108148
0.387954 0.105744
0.388375 0.103333
0.388782 0.100915
0.389175 0.0984903
0.389554 0.0960585
0.389919 0.0936199
0.39027 0.0911747
0.390607 0.0887228
0.390929 0.0862645
0.391237 0.0837998
0.391531 0.0813287
0.391809 0.0788515
0.392074 0.0763682
0.392323 0.0738789
0.392558 0.0713836
0.392777 0.0688827
0.392982 0.066376
0.393172 0.0638637
0.393346 0.061346
0.393506 0.0588229
0.39365 0.0562946
0.393779 0.0537611
0.393892 0.0512226
0.39399 0.0486792
0.394072 0.046131
0.394139 0.0435781
0.39419 0.0410206
0.394225 0.0384586
0.394245 0.0358923
0.394249 0.0333218
0.394236 0.0307472
0.394208 0.0281686
0.394164 0.0255861
0.394103 0.0229998
0.394027 0.02041
0.393934 0.0178166
0.393825 0.0152199
0.3937 0.0126199
0.393558 0.0100167
0.3934 0.00741061
0.393225 0.00480161
0.393034 0.00218986
0.392826 -0.000424512
0.392601 -0.00304137
0.39236 -0.00566058
0.392102 -0.00828203
0.391827 -0.0109056
0.391536 -0.0135311
0.391227 -0.0161584
0.390902 -0.0187874
0.39056 -0.021418
0.3902 -0.02405
0.389824 -0.0266833
0.389431 -0.0293177
0.389021 -0.0319532
0.388593 -0.0345895
0.388148 -0.0372266
0.387686 -0.0398643
0.387207 -0.0425024
0.386711 -0.0451408
0.386198 -0.0477794
0.385667 -0.0504181
0.385118 -0.0530566
0.384553 -0.0556949
0.38397 -0.0583327
0.38337 -0.0609701
0.382752 -0.0636067
0.382117 -0.0662425
0.381465 -0.0688774
0.380795 -0.0715111
0.380107 -0.0741435
0.379403 -0.0767745
0.37868 -0.079404
0.37794 -0.0820317
0.377183 -0.0846576
0.376408 -0.0872814
0.375616 -0.0899031
0.374806 -0.0925225
0.373979 -0.0951394
0.373134 -0.0977537
0.372272 -0.100365
0.371393 -0.102974
0.370495 -0.10558
0.369581 -0.108182
0.368649 -0.110781
0.367699 -0.113376
0.366732 -0.115968
0.365748 -0.118556
0.364746 -0.12114
0.363726 -0.12372
0.36269 -0.126296
0.361636 -0.128867
0.360565 -0.131433
0.359476 -0.133995
0.35837 -0.136552
0.357247 -0.139104
0.356107 -0.141651
0.354949 -0.144192
0.353774 -0.146728
0.352582 -0.149258
0.351373 -0.151782
0.350147 -0.154301
0.348904 -0.156813
0.347644 -0.159319
0.346367 -0.161819
0.345073 -0.164312
0.343763 -0.166798
0.342435 -0.169278
0.341091 -0.17175
0.33973 -0.174215
0.338352 -0.176673
0.336958 -0.179124
0.335547 -0.181566
0.33412 -0.184001
0.332676 -0.186428
0.331216 -0.188847
0.329739 -0.191258
0.328246 -0.19366
0.326737 -0.196054
0.325212 -0.198439
0.323671 -0.200816
0.322114 -0.203183
0.320541 -0.205541
0.318952 -0.20789
0.317348 -0.21023
0.315727 -0.21256
0.314091 -0.21488
0.31244 -0.217191
0.310773 -0.219491
0.309091 -0.221781
0.307393 -0.224061
0.30568 -0.226331
0.303952 -0.22859
0.302209 -0.230838
0.300451 -0.233076
0.298679 -0.235303
0.296891 -0.237518
0.295089 -0.239722
0.293272 -0.241915
0.291441 -0.244096
0.289595 -0.246266
0.287735 -0.248424
0.285861 -0.25057
0.283973 -0.252704
0.282071 -0.254826
0.280155 -0.256935
0.278225 -0.259032
0.276282 -0.261116
0.274325 -0.263188
0.272355 -0.265247
0.270371 -0.267293
0.268375 -0.269326
0.266365 -0.271346
0.264342 -0.273352
0.262306 -0.275345
0.260258 -0.277325
0.258197 -0.27929
0.256124 -0.281242
0.254038 -0.283181
0.25194 -0.285105
0.24983 -0.287015
0.247708 -0.28891
0.245574 -0.290792
0.243429 -0.292659
0.241272 -0.294511
0.239103 -0.296349
0.236923 -0.298172
0.234732 -0.29998
0.23253 -0.301773
0.230317 -0.303552
0.228094 -0.305315
0.225859 -0.307062
0.223614 -0.308795
0.221359 -0.310511
0.219094 -0.312213
0.216819 -0.313898
0.214533 -0.315568
0.212238 -0.317222
0.209934 -0.318861
0.207619 -0.320483
0.205296 -0.322089
0.202963 -0.323679
0.200622 -0.325253
0.198271 -0.32681
0.195912 -0.328351
0.193544 -0.329876
0.191168 -0.331384
0.188784 -0.332876
0.186391 -0.33435
0.183991 -0.335808
0.181582 -0.33725
0.179166 -0.338674
0.176743 -0.340081
0.174312 -0.341472
0.171874 -0.342845
0.169429 -0.344201
0.166978 -0.34554
0.164519 -0.346862
0.162054 -0.348167
0.159583 -0.349454
0.157105 -0.350723
0.154622 -0.351976
0.152132 -0.353211
0.149637 -0.354428
0.147137 -0.355628
0.144631 -0.35681
0.142119 -0.357974
0.139603 -0.359121
0.137082 -0.36025
0.134556 -0.361362
0.132025 -0.362455
0.12949 -0.363531
0.126951 -0.364589
0.124408 -0.365629
0.121861 -0.366651
0.11931 -0.367655
0.116755 -0.368641
0.114197 -0.36961
0.111636 -0.37056
0.109072 -0.371493
0.106505 -0.372407
0.103935 -0.373303
0.101363 -0.374182
0.0987878 -0.375042
0.0962107 -0.375884
0.0936315 -0.376709
0.0910503 -0.377515
0.0884674 -0.378303
0.0858829 -0.379074
0.083297 -0.379826
0.0807098 -0.38056
0.0781214 -0.381276
0.0755322 -0.381974
0.0729421 -0.382655
0.0703514 -0.383317
0.0677603 -0.383961
0.0651688 -0.384588
0.0625773 -0.385196
0.0599857 -0.385786
0.0573943 -0.386359
0.0548033 -0.386914
0.0522128 -0.387451
0.0496229 -0.38797
0.0470338 -0.388471
0.0444457 -0.388955
0.0418587 -0.389421
0.039273 -0.389869
0.0366888 -0.3903
0.0341061 -0.390713
0.0315252 -0.391108
0.0289461 -0.391486
0.0263692 -0.391846
0.0237944 -0.392189
0.0212219 -0.392515
0.018652 -0.392823
0.0160847 -0.393114
0.0135202 -0.393388
0.0109586 -0.393644
0.00840013 -0.393884
0.00584488 -0.394106
0.003293 -0.394311
0.000744637 -0.3945
-0.00180006 -0.394671
-0.00434097 -0.394825
-0.00687793 -0.394963
-0.00941081 -0.395084
-0.0119395 -0.395189
-0.0144638 -0.395276
-0.0169836 -0.395348
-0.0194988 -0.395403
-0.0220093 -0.395441
-0.0245148 -0.395463
-0.0270154 -0.395469
-0.0295108 -0.395459
-0.0320009 -0.395433
-0.0344856 -0.39539
-0.0369647 -0.395332
-0.0394382 -0.395258
-0.041906 -0.395168
-0.0443678 -0.395063
-0.0468236 -0.394942
-0.0492732 -0.394805
-0.0517166 -0.394653
-0.0541536 -0.394486
-0.0565841 -0.394303
-0.059008 -0.394106
-0.0614251 -0.393893
-0.0638354 -0.393665
-0.0662388 -0.393422
-0.0686351 -0.393165
-0.0710242 -0.392893
-0.073406 -0.392606
-0.0757805 -0.392305
-0.0781474 -0.39199
-0.0805068 -0.39166
-0.0828585 -0.391316
-0.0852023 -0.390958
-0.0875383 -0.390585
-0.0898663 -0.390199
-0.0921862 -0.3898
-0.094498 -0.389386
-0.0968014 -0.388959
-0.0990965 -0.388518
-0.101383 -0.388064
-0.103661 -0.387597
-0.105931 -0.387117
-0.108191 -0.386624
-0.110443 -0.386117
-0.112686 -0.385598
-0.11492 -0.385066
-0.117146 -0.384522
-0.119361 -0.383965
-0.121568 -0.383395
