0.070066 -0.000280931
0.070131 -0.000563727
0.0701948 -0.000848387
0.0702576 -0.00113491
0.0703192 -0.00142331
0.0703797 -0.00171357
0.070439 -0.00200569
0.0704971 -0.00229969
0.070554 -0.00259556
0.0706097 -0.00289329
0.0706641 -0.00319289
0.0707173 -0.00349436
0.0707693 -0.0037977
0.0708199 -0.00410291
0.0708692 -0.00440998
0.0709172 -0.00471892
0.0709639 -0.00502972
0.0710092 -0.00534238
0.0710531 -0.00565691
0.0710956 -0.0059733
0.0711366 -0.00629155
0.0711763 -0.00661165
0.0712145 -0.00693361
0.0712512 -0.00725742
0.0712864 -0.00758308
0.0713201 -0.00791059
0.0713522 -0.00823994
0.0713828 -0.00857113
0.0714119 -0.00890417
0.0714393 -0.00923903
0.0714651 -0.00957573
0.0714893 -0.00991426
0.0715119 -0.0102546
0.0715327 -0.0105968
0.0715519 -0.0109408
0.0715694 -0.0112866
0.0715851 -0.0116342
0.0715991 -0.0119836
0.0716113 -0.0123347
0.0716217 -0.0126877
0.0716303 -0.0130425
0.0716371 -0.013399
0.0716421 -0.0137574
0.0716451 -0.0141175
0.0716463 -0.0144793
0.0716455 -0.0148429
0.0716428 -0.0152082
0.0716382 -0.0155753
0.0716316 -0.0159442
0.071623 -0.0163147
0.0716124 -0.0166869
0.0715997 -0.0170609
0.071585 -0.0174366
0.0715682 -0.0178139
0.0715493 -0.018193
0.0715283 -0.0185737
0.0715052 -0.0189561
0.0714799 -0.0193401
0.0714524 -0.0197258
0.0714227 -0.0201131
0.0713908 -0.020502
0.0713566 -0.0208926
0.0713202 -0.0212848
0.0712815 -0.0216785
0.0712405 -0.0220739
0.0711972 -0.0224708
0.0711515 -0.0228692
0.0711035 -0.0232692
0.071053 -0.0236708
0.0710002 -0.0240739
0.0709449 -0.0244785
0.0708872 -0.0248845
0.070827 -0.0252921
0.0707643 -0.0257012
0.0706991 -0.0261116
0.0706314 -0.0265236
0.0705611 -0.026937
0.0704883 -0.0273517
0.0704129 -0.0277679
0.0703348 -0.0281855
0.0702541 -0.0286045
0.0701707 -0.0290248
0.0700847 -0.0294464
0.069996 -0.0298694
0.0699046 -0.0302936
0.0698104 -0.0307192
0.0697135 -0.031146
0.0696138 -0.0315741
0.0695113 -0.0320034
0.069406 -0.032434
0.0692978 -0.0328657
0.0691868 -0.0332987
0.0690729 -0.0337328
0.0689562 -0.034168
0.0688365 -0.0346044
0.0687139 -0.0350419
0.0685883 -0.0354805
0.0684598 -0.0359202
0.0683282 -0.0363609
0.0681937 -0.0368026
0.0680561 -0.0372454
0.0679155 -0.0376891
0.0677719 -0.0381338
0.0676251 -0.0385795
0.0674753 -0.0390261
0.0673223 -0.0394736
0.0671662 -0.0399219
0.0670069 -0.0403712
0.0668445 -0.0408212
0.0666789 -0.0412721
0.06651 -0.0417238
0.066338 -0.0421762
0.0661627 -0.0426294
0.0659841 -0.0430833
0.0658023 -0.0435379
0.0656171 -0.0439932
0.0654287 -0.0444491
0.0652369 -0.0449056
0.0650418 -0.0453627
0.0648434 -0.0458204
0.0646416 -0.0462786
0.0644363 -0.0467374
0.0642277 -0.0471966
0.0640157 -0.0476563
0.0638002 -0.0481165
0.0635813 -0.048577
0.0633589 -0.0490379
0.063133 -0.0494992
0.0629037 -0.0499608
0.0626708 -0.0504227
0.0624344 -0.0508849
0.0621945 -0.0513473
0.061951 -0.05181
0.061704 -0.0522728
0.0614534 -0.0527358
0.0611992 -0.0531988
0.0609415 -0.053662
0.0606801 -0.0541253
0.0604151 -0.0545886
0.0601464 -0.0550518
0.0598742 -0.0555151
0.0595982 -0.0559783
0.0593186 -0.0564414
0.0590354 -0.0569044
0.0587484 -0.0573672
0.0584577 -0.0578298
0.0581634 -0.0582922
0.0578653 -0.0587544
0.0575635 -0.0592163
0.057258 -0.0596778
0.0569487 -0.0601391
0.0566357 -0.0605999
0.0563189 -0.0610603
0.0559983 -0.0615203
0.055674 -0.0619797
0.0553459 -0.0624387
0.055014 -0.0628971
0.0546783 -0.0633549
0.0543388 -0.0638121
0.0539955 -0.0642686
0.0536484 -0.0647245
0.0532975 -0.0651796
0.0529428 -0.0656339
0.0525842 -0.0660875
0.0522218 -0.0665402
0.0518556 -0.066992
0.0514855 -0.067443
0.0511116 -0.067893
0.0507339 -0.068342
0.0503523 -0.06879
0.0499669 -0.0692369
0.0495776 -0.0696828
0.0491845 -0.0701275
0.0487875 -0.0705711
0.0483867 -0.0710134
0.047982 -0.0714545
0.0475734 -0.0718944
0.0471611 -0.0723329
0.0467448 -0.0727701
0.0463247 -0.0732059
0.0459008 -0.0736402
0.045473 -0.0740731
0.0450414 -0.0745045
0.044606 -0.0749344
0.0441667 -0.0753626
0.0437235 -0.0757893
0.0432766 -0.0762142
0.0428258 -0.0766375
0.0423712 -0.0770591
0.0419128 -0.0774789
0.0414506 -0.0778968
0.0409845 -0.0783129
0.0405147 -0.0787271
0.0400411 -0.0791394
0.0395637 -0.0795497
0.0390825 -0.079958
0.0385976 -0.0803643
0.0381089 -0.0807685
0.0376164 -0.0811705
0.0371202 -0.0815704
0.0366203 -0.081968
0.0361166 -0.0823635
0.0356093 -0.0827566
0.0350982 -0.0831474
0.0345835 -0.0835359
0.0340651 -0.0839219
0.033543 -0.0843055
0.0330172 -0.0846866
0.0324879 -0.0850652
0.0319549 -0.0854413
0.0314183 -0.0858147
0.030878 -0.0861855
0.0303342 -0.0865537
0.0297869 -0.0869191
0.029236 -0.0872817
0.0286815 -0.0876416
0.0281236 -0.0879986
0.0275621 -0.0883527
0.0269971 -0.088704
0.0264287 -0.0890522
0.0258568 -0.0893975
0.0252815 -0.0897398
0.0247028 -0.090079
0.0241207 -0.0904151
0.0235352 -0.0907481
0.0229464 -0.0910778
0.0223542 -0.0914044
0.0217587 -0.0917277
0.02116 -0.0920477
0.0205579 -0.0923643
0.0199526 -0.0926776
0.0193441 -0.0929875
0.0187324 -0.0932939
0.0181176 -0.0935969
0.0174995 -0.0938963
0.0168784 -0.0941922
0.0162541 -0.0944845
0.0156268 -0.0947732
0.0149964 -0.0950582
0.014363 -0.0953394
0.0137266 -0.095617
0.0130872 -0.0958908
0.0124449 -0.0961608
0.0117997 -0.0964269
0.0111516 -0.0966891
0.0105006 -0.0969475
0.00984676 -0.0972019
0.00919014 -0.0974523
0.00853075 -0.0976987
0.00786863 -0.097941
0.00720379 -0.0981792
0.00653627 -0.0984134
0.0058661 -0.0986434
0.00519332 -0.0988692
0.00451795 -0.0990908
0.00384003 -0.0993081
0.00315958 -0.0995212
0.00247665 -0.0997299
0.00179127 -0.0999343
0.00110347 -0.100134
0.000413282 -0.10033
-0.000279256 -0.100521
-0.00097411 -0.100708
-0.00167124 -0.10089
-0.00237062 -0.101068
-0.00307221 -0.101241
-0.00377597 -0.101409
-0.00448187 -0.101573
-0.00518987 -0.101733
-0.00589992 -0.101887
-0.00661201 -0.102037
-0.00732608 -0.102183
-0.00804209 -0.102323
-0.00876002 -0.102459
-0.00947982 -0.10259
-0.0102014 -0.102716
-0.0109249 -0.102837
-0.01165 -0.102953
-0.0123769 -0.103065
-0.0131055 -0.103171
-0.0138357 -0.103273
-0.0145675 -0.103369
-0.0153008 -0.103461
-0.0160356 -0.103547
-0.0167719 -0.103629
-0.0175097 -0.103705
-0.0182488 -0.103777
-0.0189892 -0.103843
-0.019731 -0.103904
-0.020474 -0.10396
-0.0212182 -0.104011
-0.0219636 -0.104056
-0.0227101 -0.104097
-0.0234577 -0.104132
-0.0242064 -0.104162
-0.024956 -0.104186
-0.0257066 -0.104206
-0.026458 -0.10422
-0.0272104 -0.104229
-0.0279635 -0.104232
-0.0287175 -0.10423
-0.0294721 -0.104223
-0.0302274 -0.10421
-0.0309834 -0.104192
-0.03174 -0.104169
-0.0324971 -0.10414
-0.0332546 -0.104106
-0.0340127 -0.104066
-0.0347711 -0.104021
-0.0355299 -0.103971
-0.0362891 -0.103915
-0.0370484 -0.103853
-0.037808 -0.103786
-0.0385678 -0.103714
-0.0393277 -0.103636
-0.0400877 -0.103552
-0.0408477 -0.103463
-0.0416077 -0.103368
-0.0423676 -0.103268
-0.0431274 -0.103163
-0.0438871 -0.103052
-0.0446465 -0.102935
-0.0454057 -0.102813
-0.0461646 -0.102685
-0.0469232 -0.102551
-0.0476813 -0.102412
-0.048439 -0.102268
-0.0491963 -0.102118
-0.0499529 -0.101962
-0.0507091 -0.101801
-0.0514645 -0.101634
-0.0522193 -0.101461
-0.0529734 -0.101283
-0.0537267 -0.1011
-0.0544792 -0.100911
-0.0552308 -0.100716
-0.0559815 -0.100516
-0.0567312 -0.10031
-0.0574799 -0.100099
-0.0582276 -0.0998816
-0.0589741 -0.0996591
-0.0597195 -0.0994311
-0.0604637 -0.0991975
-0.0612067 -0.0989584
-0.0619484 -0.0987137
-0.0626887 -0.0984635
-0.0634277 -0.0982078
-0.0641652 -0.0979466
-0.0649013 -0.09768
-0.0656358 -0.0974078
-0.0663688 -0.0971301
-0.0671001 -0.096847
-0.0678298 -0.0965584
-0.0685578 -0.0962644
-0.069284 -0.0959649
-0.0700085 -0.09566
-0.0707311 -0.0953497
-0.0714518 -0.095034
-0.0721706 -0.0947129
-0.0728874 -0.0943864
-0.0736022 -0.0940546
-0.074315 -0.0937175
-0.0750256 -0.093375
-0.0757341 -0.0930272
-0.0764404 -0.0926741
-0.0771445 -0.0923157
-0.0778463 -0.0919521
-0.0785457 -0.0915832
-0.0792429 -0.0912091
-0.0799376 -0.0908297
-0.0806298 -0.0904452
-0.0813196 -0.0900556
-0.0820068 -0.0896607
-0.0826915 -0.0892608
-0.0833736 -0.0888557
-0.084053 -0.0884456
-0.0847297 -0.0880304
-0.0854037 -0.0876101
-0.0860749 -0.0871848
-0.0867433 -0.0867545
-0.0874089 -0.0863193
-0.0880716 -0.085879
-0.0887313 -0.0854339
-0.0893881 -0.0849839
-0.0900419 -0.0845289
-0.0906926 -0.0840691
-0.0913403 -0.0836045
-0.0919849 -0.0831351
-0.0926263 -0.0826609
-0.0932645 -0.082182
-0.0938995 -0.0816983
-0.0945312 -0.0812099
-0.0951597 -0.0807169
-0.0957848 -0.0802192
-0.0964065 -0.079717
-0.0970249 -0.0792101
-0.0976398 -0.0786987
-0.0982513 -0.0781827
-0.0988593 -0.0776623
-0.0994637 -0.0771374
-0.100065 -0.076608
-0.100662 -0.0760743
-0.101256 -0.0755362
-0.101846 -0.0749937
-0.102432 -0.074447
-0.103015 -0.0738959
-0.103594 -0.0733406
-0.104169 -0.0727811
-0.10474 -0.0722174
-0.105307 -0.0716496
-0.105871 -0.0710777
-0.106431 -0.0705016
-0.106987 -0.0699216
-0.107538 -0.0693375
-0.108086 -0.0687494
-0.10863 -0.0681574
-0.10917 -0.0675615
-0.109706 -0.0669617
-0.110238 -0.0663581
-0.110766 -0.0657507
-0.111289 -0.0651395
-0.111809 -0.0645246
-0.112324 -0.063906
-0.112835 -0.0632837
-0.113342 -0.0626578
-0.113845 -0.0620283
-0.114343 -0.0613953
-0.114837 -0.0607588
-0.115327 -0.0601187
-0.115813 -0.0594753
-0.116294 -0.0588285
-0.116771 -0.0581783
-0.117243 -0.0575247
-0.117712 -0.0568679
-0.118175 -0.0562079
-0.118635 -0.0555446
-0.11909 -0.0548781
-0.11954 -0.0542086
-0.119986 -0.0535359
-0.120427 -0.0528602
-0.120864 -0.0521815
-0.121297 -0.0514998
-0.121725 -0.0508151
-0.122148 -0.0501276
-0.122567 -0.0494372
-0.122982 -0.048744
-0.123391 -0.048048
-0.123796 -0.0473492
-0.124197 -0.0466478
-0.124593 -0.0459437
-0.124984 -0.045237
-0.125371 -0.0445277
-0.125753 -0.0438159
-0.12613 -0.0431015
-0.126503 -0.0423847
-0.126871 -0.0416655
-0.127235 -0.0409439
-0.127593 -0.0402199
-0.127948 -0.0394937
-0.128297 -0.0387652
-0.128642 -0.0380344
-0.128982 -0.0373015
-0.129317 -0.0365664
-0.129647 -0.0358292
-0.129973 -0.03509
-0.130294 -0.0343488
-0.130611 -0.0336055
-0.130923 -0.0328603
-0.13123 -0.0321132
-0.131532 -0.0313643
-0.131829 -0.0306135
-0.132122 -0.0298609
-0.13241 -0.0291066
-0.132693 -0.0283506
-0.132972 -0.0275929
-0.133246 -0.0268336
-0.133515 -0.0260727
-0.13378 -0.0253102
-0.134039 -0.0245462
-0.134294 -0.0237808
-0.134545 -0.0230139
-0.13479 -0.0222456
-0.135031 -0.021476
-0.135267 -0.020705
-0.135499 -0.0199328
-0.135725 -0.0191593
-0.135947 -0.0183846
-0.136165 -0.0176088
-0.136377 -0.0168318
-0.136585 -0.0160537
-0.136789 -0.0152746
-0.136987 -0.0144945
-0.137181 -0.0137134
-0.137371 -0.0129313
-0.137556 -0.0121484
-0.137736 -0.0113645
-0.137911 -0.0105799
-0.138082 -0.00979442
-0.138249 -0.00900821
-0.13841 -0.00822128
-0.138567 -0.00743366
-0.13872 -0.00664539
-0.138868 -0.0058565
-0.139012 -0.00506703
-0.139151 -0.00427702
-0.139285 -0.0034865
-0.139415 -0.00269551
-0.13954 -0.00190407
-0.139661 -0.00111223
-0.139778 -0.000320011
-0.13989 0.000472542
-0.139998 0.0012654
-0.140101 0.00205853
-0.1402 0.00285189
-0.140294 0.00364546
-0.140384 0.00443921
-0.14047 0.00523309
-0.140551 0.00602707
-0.140628 0.00682114
-0.140701 0.00761524
-0.140769 0.00840936
-0.140833 0.00920345
-0.140893 0.00999749
-0.140949 0.0107915
-0.141 0.0115853
-0.141047 0.012379
-0.14109 0.0131725
-0.141129 0.0139659
-0.141164 0.0147589
-0.141194 0.0155518
-0.141221 0.0163443
-0.141243 0.0171365
-0.141261 0.0179284
-0.141275 0.0187199
-0.141286 0.0195109
-0.141292 0.0203016
-0.141294 0.0210918
-0.141292 0.0218815
-0.141286 0.0226706
-0.141277 0.0234593
-0.141263 0.0242473
-0.141246 0.0250348
-0.141224 0.0258216
-0.141199 0.0266078
-0.14117 0.0273933
-0.141138 0.0281782
-0.141101 0.0289623
-0.141061 0.0297456
-0.141017 0.0305282
-0.140969 0.03131
-0.140918 0.0320909
-0.140863 0.0328711
-0.140804 0.0336503
-0.140742 0.0344287
-0.140676 0.0352061
-0.140607 0.0359826
-0.140534 0.0367582
-0.140457 0.0375328
-0.140378 0.0383063
-0.140294 0.0390789
-0.140208 0.0398504
-0.140117 0.0406209
-0.140024 0.0413902
-0.139927 0.0421585
-0.139827 0.0429256
-0.139723 0.0436916
-0.139616 0.0444564
-0.139506 0.0452201
-0.139393 0.0459826
-0.139277 0.0467438
-0.139157 0.0475038
-0.139034 0.0482625
-0.138908 0.04902
-0.138779 0.0497762
-0.138647 0.0505311
-0.138512 0.0512847
-0.138374 0.0520369
-0.138233 0.0527877
-0.138089 0.0535372
-0.137942 0.0542854
-0.137792 0.0550321
-0.137639 0.0557774
-0.137483 0.0565212
-0.137325 0.0572637
-0.137163 0.0580046
-0.136999 0.0587441
-0.136833 0.0594821
-0.136663 0.0602186
-0.136491 0.0609536
-0.136316 0.0616871
-0.136138 0.062419
-0.135958 0.0631494
-0.135776 0.0638782
-0.13559 0.0646054
-0.135403 0.0653311
-0.135212 0.0660552
-0.13502 0.0667776
-0.134824 0.0674985
-0.134627 0.0682177
-0.134427 0.0689353
-0.134224 0.0696512
-0.13402 0.0703655
-0.133813 0.0710781
-0.133604 0.071789
-0.133392 0.0724983
-0.133178 0.0732058
-0.132962 0.0739117
-0.132744 0.0746158
-0.132524 0.0753183
-0.132302 0.076019
-0.132077 0.076718
-0.13185 0.0774152
-0.131622 0.0781107
-0.131391 0.0788045
-0.131159 0.0794964
-0.130924 0.0801867
-0.130688 0.0808751
-0.130449 0.0815618
-0.130209 0.0822467
-0.129967 0.0829299
-0.129723 0.0836112
-0.129478 0.0842907
-0.12923 0.0849685
-0.128981 0.0856444
-0.12873 0.0863185
-0.128477 0.0869909
-0.128223 0.0876614
-0.127967 0.0883301
-0.12771 0.0889969
-0.127451 0.089662
-0.12719 0.0903252
-0.126928 0.0909866
-0.126664 0.0916462
-0.126399 0.0923039
-0.126132 0.0929598
-0.125864 0.0936139
-0.125595 0.0942661
-0.125324 0.0949165
-0.125052 0.0955651
-0.124778 0.0962118
-0.124503 0.0968567
-0.124227 0.0974997
-0.12395 0.0981409
-0.123671 0.0987803
-0.123391 0.0994178
-0.12311 0.100053
-0.122828 0.100687
-0.122545 0.101319
-0.12226 0.101949
-0.121975 0.102578
-0.121688 0.103204
-0.121401 0.103829
-0.121112 0.104452
-0.120823 0.105073
-0.120532 0.105692
-0.120241 0.106309
-0.119948 0.106925
-0.119655 0.107539
-0.119361 0.10815
-0.119066 0.10876
-0.11877 0.109369
-0.118473 0.109975
-0.118175 0.11058
-0.117877 0.111183
-0.117578 0.111784
-0.117279 0.112383
-0.116978 0.11298
-0.116677 0.113576
-0.116375 0.11417
-0.116073 0.114762
-0.11577 0.115352
-0.115466 0.115941
-0.115162 0.116527
-0.114858 0.117112
-0.114552 0.117696
-0.114247 0.118277
-0.113941 0.118857
-0.113634 0.119435
-0.113327 0.120011
-0.113019 0.120586
-0.112711 0.121159
-0.112403 0.12173
-0.112094 0.122299
-0.111785 0.122867
-0.111476 0.123433
-0.111166 0.123997
-0.110856 0.124559
-0.110546 0.12512
-0.110235 0.12568
-0.109925 0.126237
-0.109614 0.126793
-0.109302 0.127347
-0.108991 0.1279
-0.10868 0.128451
-0.108368 0.129
-0.108056 0.129548
-0.107744 0.130094
-0.107432 0.130638
-0.10712 0.131181
-0.106808 0.131722
-0.106496 0.132262
-0.106183 0.1328
-0.105871 0.133336
-0.105559 0.133871
-0.105247 0.134404
-0.104935 0.134936
-0.104622 0.135466
-0.10431 0.135995
-0.103998 0.136522
-0.103686 0.137047
-0.103375 0.137572
-0.103063 0.138094
-0.102752 0.138615
-0.10244 0.139135
-0.102129 0.139653
-0.101818 0.140169
-0.101507 0.140685
-0.101197 0.141198
-0.100886 0.14171
-0.100576 0.142221
-0.100266 0.142731
-0.0999565 0.143239
-0.0996471 0.143745
-0.0993381 0.14425
-0.0990293 0.144754
-0.0987209 0.145256
-0.0984128 0.145757
-0.098105 0.146257
-0.0977976 0.146755
-0.0974905 0.147252
-0.0971838 0.147747
-0.0968775 0.148241
-0.0965716 0.148734
-0.0962661 0.149226
-0.095961 0.149716
-0.0956563 0.150205
-0.0953521 0.150692
-0.0950484 0.151179
-0.0947451 0.151664
-0.0944422 0.152148
-0.0941399 0.15263
-0.093838 0.153111
-0.0935367 0.153591
-0.0932358 0.15407
-0.0929355 0.154548
-0.0926357 0.155024
-0.0923364 0.155499
-0.0920377 0.155973
-0.0917395 0.156446
-0.0914419 0.156918
-0.0911448 0.157388
-0.0908484 0.157858
-0.0905525 0.158326
-0.0902572 0.158793
-0.0899625 0.159259
-0.0896685 0.159724
-0.089375 0.160187
-0.0890822 0.16065
-0.08879 0.161111
-0.0884984 0.161572
-0.0882075 0.162031
-0.0879172 0.162489
-0.0876276 0.162946
-0.0873386 0.163403
-0.0870503 0.163858
-0.0867627 0.164312
-0.0864758 0.164765
-0.0861896 0.165217
-0.085904 0.165668
-0.0856191 0.166118
-0.085335 0.166567
-0.0850515 0.167015
-0.0847688 0.167462
-0.0844867 0.167909
-0.0842054 0.168354
-0.0839248 0.168798
-0.0836449 0.169242
-0.0833658 0.169684
-0.0830874 0.170126
-0.0828097 0.170566
-0.0825328 0.171006
-0.0822566 0.171445
-0.0819812 0.171883
-0.0817065 0.17232
-0.0814326 0.172756
-0.0811594 0.173192
-0.080887 0.173626
-0.0806153 0.17406
-0.0803444 0.174493
-0.0800743 0.174925
-0.0798049 0.175356
-0.0795363 0.175787
-0.0792685 0.176216
-0.0790014 0.176645
-0.0787351 0.177073
-0.0784696 0.177501
-0.0782049 0.177927
-0.0779409 0.178353
-0.0776777 0.178778
-0.0774153 0.179203
-0.0771537 0.179626
-0.0768928 0.180049
-0.0766327 0.180471
-0.0763734 0.180893
-0.0761148 0.181314
-0.0758571 0.181734
-0.0756001 0.182153
-0.0753438 0.182572
-0.0750884 0.18299
-0.0748337 0.183408
-0.0745798 0.183825
-0.0743266 0.184241
-0.0740743 0.184656
-0.0738227 0.185071
-0.0735718 0.185486
-0.0733217 0.185899
-0.0730724 0.186313
-0.0728238 0.186725
-0.072576 0.187137
-0.0723289 0.187548
-0.0720826 0.187959
-0.0718371 0.188369
-0.0715922 0.188779
-0.0713481 0.189188
-0.0711048 0.189597
-0.0708622 0.190005
-0.0706203 0.190412
-0.0703791 0.190819
-0.0701387 0.191226
-0.069899 0.191632
-0.06966 0.192037
-0.0694217 0.192442
-0.0691841 0.192847
-0.0689472 0.193251
-0.068711 0.193654
-0.0684755 0.194057
-0.0682407 0.19446
-0.0680066 0.194862
-0.0677731 0.195264
-0.0675403 0.195665
-0.0673082 0.196066
-0.0670768 0.196466
-0.066846 0.196866
-0.0666158 0.197266
-0.0663863 0.197665
-0.0661574 0.198064
-0.0659292 0.198462
-0.0657016 0.19886
-0.0654746 0.199258
-0.0652482 0.199655
-0.0650224 0.200052
-0.0647972 0.200448
-0.0645726 0.200844
-0.0643485 0.20124
-0.0641251 0.201636
-0.0639022 0.202031
-0.0636799 0.202425
-0.0634581 0.20282
-0.0632369 0.203214
-0.0630162 0.203608
-0.062796 0.204001
-0.0625764 0.204394
-0.0623573 0.204787
-0.0621386 0.20518
-0.0619205 0.205572
-0.0617029 0.205964
-0.0614857 0.206355
-0.061269 0.206747
-0.0610527 0.207138
-0.0608369 0.207529
-0.0606216 0.207919
-0.0604066 0.208309
-0.0601921 0.208699
-0.059978 0.209089
-0.0597643 0.209479
-0.059551 0.209868
-0.0593381 0.210257
-0.0591255 0.210646
-0.0589133 0.211035
-0.0587015 0.211423
-0.0584899 0.211811
-0.0582788 0.212199
-0.0580679 0.212587
-0.0578573 0.212974
-0.0576471 0.213362
-0.0574371 0.213749
-0.0572274 0.214136
-0.0570179 0.214523
-0.0568087 0.214909
-0.0565997 0.215296
-0.056391 0.215682
-0.0561825 0.216068
-0.0559741 0.216454
-0.055766 0.21684
-0.055558 0.217225
-0.0553503 0.21761
-0.0551426 0.217996
-0.0549351 0.218381
-0.0547277 0.218766
-0.0545205 0.219151
-0.0543133 0.219535
-0.0541062 0.21992
-0.0538992 0.220304
-0.0536923 0.220688
-0.0534854 0.221073
-0.0532786 0.221457
-0.0530717 0.22184
-0.0528649 0.222224
-0.0526581 0.222608
-0.0524512 0.222991
-0.0522443 0.223375
-0.0520374 0.223758
-0.0518304 0.224141
-0.0516233 0.224525
-0.0514162 0.224908
-0.0512089 0.22529
-0.0510015 0.225673
-0.050794 0.226056
-0.0505863 0.226439
-0.0503785 0.226821
-0.0501704 0.227204
-0.0499622 0.227586
-0.0497538 0.227968
-0.0495451 0.228351
-0.0493362 0.228733
-0.0491271 0.229115
-0.0489176 0.229497
-0.0487079 0.229879
-0.0484979 0.230261
-0.0482875 0.230643
-0.0480768 0.231024
-0.0478658 0.231406
-0.0476544 0.231788
-0.0474426 0.232169
-0.0472304 0.232551
-0.0470178 0.232932
-0.0468047 0.233314
-0.0465912 0.233695
-0.0463773 0.234076
-0.0461628 0.234457
-0.0459478 0.234839
-0.0457324 0.23522
-0.0455163 0.235601
-0.0452998 0.235982
-0.0450826 0.236363
-0.0448649 0.236744
-0.0446465 0.237125
-0.0444276 0.237506
-0.0442079 0.237886
-0.0439877 0.238267
-0.0437667 0.238648
-0.0435451 0.239029
-0.0433227 0.239409
-0.0430996 0.23979
-0.0428758 0.24017
-0.0426512 0.240551
-0.0424258 0.240931
-0.0421996 0.241312
-0.0419725 0.241692
-0.0417446 0.242072
-0.0415159 0.242453
-0.0412863 0.242833
-0.0410558 0.243213
-0.0408243 0.243593
-0.040592 0.243973
-0.0403586 0.244353
-0.0401243 0.244733
-0.039889 0.245113
-0.0396527 0.245493
-0.0394154 0.245873
-0.039177 0.246253
-0.0389375 0.246633
-0.0386969 0.247012
-0.0384553 0.247392
-0.0382124 0.247771
-0.0379685 0.248151
-0.0377234 0.24853
-0.037477 0.24891
-0.0372295 0.249289
-0.0369807 0.249668
-0.0367307 0.250048
-0.0364794 0.250427
-0.0362268 0.250806
-0.035973 0.251185
-0.0357177 0.251564
-0.0354611 0.251942
-0.0352032 0.252321
-0.0349439 0.2527
-0.0346831 0.253078
-0.0344209 0.253457
-0.0341572 0.253835
-0.0338921 0.254213
-0.0336255 0.254592
-0.0333573 0.25497
-0.0330877 0.255348
-0.0328164 0.255725
-0.0325436 0.256103
-0.0322692 0.256481
-0.0319931 0.256858
-0.0317154 0.257236
-0.0314361 0.257613
-0.031155 0.25799
-0.0308723 0.258367
-0.0305878 0.258744
-0.0303015 0.25912
-0.0300135 0.259497
-0.0297237 0.259873
-0.0294321 0.260249
-0.0291387 0.260625
-0.0288434 0.261001
-0.0285462 0.261377
-0.0282471 0.261752
-0.0279461 0.262128
-0.0276431 0.262503
-0.0273382 0.262878
-0.0270313 0.263252
-0.0267223 0.263627
-0.0264114 0.264001
-0.0260984 0.264375
-0.0257833 0.264749
-0.0254661 0.265123
-0.0251468 0.265496
-0.0248253 0.265869
-0.0245017 0.266242
-0.0241759 0.266614
-0.023848 0.266987
-0.0235177 0.267359
-0.0231853 0.26773
-0.0228505 0.268102
-0.0225135 0.268473
-0.0221741 0.268844
-0.0218324 0.269214
-0.0214883 0.269584
-0.0211419 0.269954
-0.0207931 0.270324
-0.0204418 0.270693
-0.0200881 0.271061
-0.0197319 0.27143
-0.0193732 0.271798
-0.019012 0.272165
-0.0186482 0.272533
-0.018282 0.272899
-0.0179131 0.273266
-0.0175416 0.273632
-0.0171675 0.273997
-0.0167907 0.274362
-0.0164113 0.274727
-0.0160292 0.275091
-0.0156444 0.275455
-0.0152569 0.275818
-0.0148665 0.27618
-0.0144735 0.276542
-0.0140776 0.276904
-0.0136789 0.277265
-0.0132773 0.277625
-0.0128729 0.277985
-0.0124656 0.278345
-0.0120554 0.278703
-0.0116422 0.279062
-0.0112261 0.279419
-0.0108071 0.279776
-0.010385 0.280132
-0.00995995 0.280488
-0.00953183 0.280843
-0.00910066 0.281197
-0.00866641 0.28155
-0.00822906 0.281903
-0.00778859 0.282255
-0.00734497 0.282607
-0.00689819 0.282957
-0.00644822 0.283307
-0.00599504 0.283656
-0.00553864 0.284004
-0.00507899 0.284352
-0.00461607 0.284698
-0.00414986 0.285044
-0.00368034 0.285389
-0.00320749 0.285733
-0.00273129 0.286076
-0.00225172 0.286418
-0.00176875 0.286759
-0.00128237 0.287099
-0.000792562 0.287438
-0.000299299 0.287777
0.000197437 0.288114
0.000697665 0.28845
0.00120141 0.288785
0.00170868 0.289119
0.0022195 0.289452
0.0027339 0.289784
0.00325188 0.290115
0.00377348 0.290445
0.0042987 0.290773
0.00482757 0.2911
0.00536011 0.291426
0.00589633 0.291751
0.00643626 0.292075
0.00697991 0.292397
0.0075273 0.292718
0.00807846 0.293038
0.00863338 0.293356
0.00919211 0.293673
0.00975465 0.293989
0.010321 0.294303
0.0108912 0.294616
0.0114653 0.294927
0.0120433 0.295237
0.0126252 0.295545
0.013211 0.295852
0.0138007 0.296158
0.0143944 0.296461
0.014992 0.296763
0.0155936 0.297064
0.0161993 0.297363
0.0168089 0.29766
0.0174226 0.297955
0.0180403 0.298249
0.0186621 0.298541
0.019288 0.298831
0.019918 0.29912
0.0205521 0.299406
0.0211903 0.299691
0.0218326 0.299974
0.0224791 0.300254
0.0231298 0.300533
0.0237846 0.30081
0.0244437 0.301085
0.0251069 0.301358
0.0257744 0.301629
0.0264461 0.301898
0.0271221 0.302164
0.0278023 0.302429
0.0284868 0.302691
0.0291756 0.302951
0.0298687 0.303209
0.0305661 0.303465
0.0312678 0.303718
0.0319738 0.303969
0.0326842 0.304217
0.033399 0.304463
0.0341181 0.304707
0.0348416 0.304948
0.0355694 0.305187
0.0363017 0.305423
0.0370384 0.305656
0.0377795 0.305887
0.038525 0.306116
0.0392749 0.306341
0.0400293 0.306564
0.0407882 0.306784
0.0415515 0.307002
0.0423192 0.307216
0.0430914 0.307428
0.0438681 0.307637
0.0446493 0.307843
0.045435 0.308046
0.0462252 0.308245
0.0470199 0.308442
0.0478191 0.308636
0.0486228 0.308827
0.049431 0.309014
0.0502437 0.309199
0.051061 0.30938
0.0518828 0.309558
0.0527092 0.309732
0.05354 0.309903
0.0543754 0.310071
0.0552154 0.310235
0.0560599 0.310396
0.0569089 0.310553
0.0577625 0.310707
0.0586207 0.310857
0.0594833 0.311004
0.0603506 0.311147
0.0612224 0.311286
0.0620987 0.311421
0.0629796 0.311553
0.063865 0.311681
0.064755 0.311805
0.0656495 0.311925
0.0665485 0.31204
0.0674521 0.312152
0.0683602 0.31226
0.0692729 0.312364
0.07019 0.312464
0.0711117 0.312559
0.0720379 0.31265
0.0729687 0.312737
0.0739039 0.31282
0.0748436 0.312898
0.0757878 0.312972
0.0767365 0.313041
0.0776897 0.313106
0.0786473 0.313166
0.0796094 0.313222
0.0805759 0.313273
0.0815469 0.313319
0.0825223 0.31336
0.0835022 0.313397
0.0844864 0.313429
0.085475 0.313456
0.0864681 0.313478
0.0874655 0.313495
0.0884672 0.313507
0.0894733 0.313514
0.0904838 0.313516
0.0914985 0.313513
0.0925176 0.313504
0.093541 0.31349
0.0945686 0.313471
0.0956005 0.313447
0.0966366 0.313417
0.0976769 0.313381
0.0987215 0.31334
0.0997702 0.313294
0.100823 0.313242
0.10188 0.313184
0.102941 0.31312
0.104007 0.313051
0.105076 0.312976
0.10615 0.312895
0.107227 0.312808
0.108308 0.312715
0.109394 0.312616
0.110483 0.312511
0.111577 0.3124
0.112674 0.312283
0.113775 0.312159
0.114881 0.312029
0.11599 0.311893
0.117102 0.311751
0.118219 0.311602
0.119339 0.311446
0.120463 0.311284
0.121591 0.311116
0.122723 0.31094
0.123858 0.310759
0.124996 0.31057
0.126139 0.310374
0.127284 0.310172
0.128434 0.309963
0.129587 0.309747
0.130743 0.309524
0.131902 0.309294
0.133065 0.309056
0.134232 0.308812
0.135402 0.30856
0.136574 0.308301
0.137751 0.308035
0.13893 0.307761
0.140113 0.307481
0.141298 0.307192
0.142487 0.306896
0.143678 0.306593
0.144873 0.306281
0.146071 0.305963
0.147271 0.305636
0.148475 0.305302
0.149681 0.30496
0.15089 0.30461
0.152102 0.304252
0.153316 0.303886
0.154533 0.303512
0.155753 0.30313
0.156975 0.30274
0.158199 0.302342
0.159426 0.301935
0.160656 0.30152
0.161887 0.301097
0.163121 0.300666
0.164358 0.300226
0.165596 0.299778
0.166837 0.299321
0.168079 0.298856
0.169324 0.298382
0.17057 0.297899
0.171819 0.297408
0.173069 0.296907
0.174321 0.296399
0.175575 0.295881
0.176831 0.295354
0.178088 0.294819
0.179347 0.294274
0.180607 0.293721
0.181869 0.293158
0.183132 0.292586
0.184396 0.292005
0.185662 0.291415
0.186928 0.290816
0.188196 0.290207
0.189465 0.289589
0.190735 0.288962
0.192006 0.288325
0.193278 0.287679
0.19455 0.287023
0.195823 0.286358
0.197097 0.285683
0.198372 0.284998
0.199647 0.284304
0.200922 0.2836
0.202198 0.282887
0.203474 0.282163
0.20475 0.28143
0.206027 0.280687
0.207304 0.279934
0.20858 0.279171
0.209857 0.278398
0.211133 0.277615
0.212409 0.276822
0.213685 0.276019
0.214961 0.275206
0.216236 0.274383
0.21751 0.27355
0.218784 0.272706
0.220058 0.271852
0.22133 0.270988
0.222602 0.270114
0.223872 0.269229
0.225142 0.268334
0.226411 0.267428
0.227678 0.266512
0.228945 0.265586
0.230209 0.264649
0.231473 0.263701
0.232735 0.262743
0.233995 0.261775
0.235254 0.260796
0.236511 0.259806
0.237766 0.258806
0.239019 0.257795
0.24027 0.256774
0.241519 0.255741
0.242766 0.254698
0.244011 0.253644
0.245253 0.25258
0.246493 0.251505
0.24773 0.250419
0.248964 0.249322
0.250196 0.248214
0.251425 0.247096
0.252651 0.245966
0.253874 0.244826
0.255094 0.243675
0.25631 0.242513
0.257524 0.24134
0.258734 0.240156
0.25994 0.238961
0.261143 0.237756
0.262342 0.236539
0.263538 0.235311
0.264729 0.234073
0.265917 0.232823
0.267101 0.231563
0.26828 0.230291
0.269455 0.229009
0.270626 0.227716
0.271792 0.226411
0.272954 0.225096
0.274111 0.22377
0.275263 0.222432
0.276411 0.221084
0.277553 0.219725
0.278691 0.218354
0.279823 0.216973
0.28095 0.215581
0.282072 0.214178
0.283189 0.212764
0.284299 0.211339
0.285404 0.209903
0.286504 0.208456
0.287597 0.206998
0.288685 0.20553
0.289766 0.20405
0.290842 0.20256
0.291911 0.201058
0.292973 0.199546
0.29403 0.198023
0.295079 0.19649
0.296122 0.194945
0.297158 0.19339
0.298188 0.191824
0.29921 0.190247
0.300225 0.18866
0.301233 0.187062
0.302234 0.185453
0.303228 0.183834
0.304213 0.182204
0.305192 0.180564
0.306162 0.178913
0.307125 0.177251
0.30808 0.175579
0.309027 0.173897
0.309965 0.172204
0.310896 0.170501
0.311818 0.168787
0.312732 0.167063
0.313637 0.165329
0.314534 0.163585
0.315421 0.161831
0.3163 0.160066
0.317171 0.158291
0.318032 0.156507
0.318883 0.154712
0.319726 0.152907
0.320559 0.151093
0.321383 0.149268
0.322198 0.147434
0.323002 0.14559
0.323797 0.143736
0.324582 0.141873
0.325357 0.14
0.326122 0.138117
0.326877 0.136225
0.327622 0.134323
0.328356 0.132412
0.32908 0.130492
0.329793 0.128563
0.330496 0.126624
0.331188 0.124676
0.331869 0.122719
0.332539 0.120753
0.333198 0.118778
0.333846 0.116795
0.334483 0.114802
0.335108 0.112801
0.335723 0.110791
0.336325 0.108772
0.336916 0.106745
0.337495 0.104709
0.338063 0.102665
0.338618 0.100613
0.339162 0.0985525
0.339693 0.0964839
0.340213 0.0944071
0.34072 0.0923223
0.341215 0.0902296
0.341697 0.0881291
0.342167 0.0860209
0.342624 0.0839049
0.343069 0.0817814
0.3435 0.0796504
0.343919 0.077512
0.344325 0.0753662
0.344718 0.0732132
0.345098 0.0710531
0.345465 0.0688859
0.345818 0.0667118
0.346158 0.0645308
0.346485 0.0623431
0.346798 0.0601486
0.347097 0.0579476
0.347383 0.0557401
0.347655 0.0535263
0.347913 0.0513061
0.348158 0.0490798
0.348388 0.0468474
0.348604 0.044609
0.348806 0.0423647
0.348994 0.0401147
0.349168 0.037859
0.349327 0.0355977
0.349472 0.033331
0.349602 0.031059
0.349718 0.0287817
0.34982 0.0264994
0.349906 0.0242119
0.349978 0.0219197
0.350035 0.0196226
0.350077 0.0173208
0.350104 0.0150145
0.350116 0.0127038
0.350113 0.0103887
0.350095 0.0080694
0.350062 0.00574603
0.350014 0.0034187
0.34995 0.00108751
0.349871 -0.0012474
0.349777 -0.00358592
0.349667 -0.00592793
0.349541 -0.00827329
0.3494 -0.0106219
0.349244 -0.0129736
0.349072 -0.0153283
0.348884 -0.0176859
0.34868 -0.0200462
0.348461 -0.0224091
0.348226 -0.0247744
0.347974 -0.0271422
0.347707 -0.0295121
0.347424 -0.0318841
0.347125 -0.0342581
0.346811 -0.0366339
0.346479 -0.0390114
0.346132 -0.0413905
0.345769 -0.043771
0.34539 -0.0461528
0.344994 -0.0485357
0.344582 -0.0509196
0.344154 -0.0533045
0.34371 -0.05569
0.343249 -0.0580762
0.342772 -0.0604629
0.342279 -0.0628499
0.341769 -0.065237
0.341243 -0.0676243
0.340701 -0.0700114
0.340142 -0.0723983
0.339567 -0.0747849
0.338975 -0.0771709
0.338367 -0.0795563
0.337742 -0.0819409
0.337101 -0.0843246
0.336444 -0.0867072
0.33577 -0.0890885
0.335079 -0.0914685
0.334372 -0.093847
0.333648 -0.0962239
0.332908 -0.0985989
0.332152 -0.100972
0.331378 -0.103343
0.330589 -0.105712
0.329783 -0.108078
0.32896 -0.110442
0.328121 -0.112803
0.327266 -0.115162
0.326394 -0.117517
0.325505 -0.119869
0.3246 -0.122219
0.323679 -0.124564
0.322741 -0.126906
0.321787 -0.129245
0.320817 -0.131579
0.31983 -0.13391
0.318827 -0.136236
0.317808 -0.138559
0.316772 -0.140876
0.31572 -0.14319
0.314652 -0.145498
0.313568 -0.147802
0.312468 -0.1501
0.311351 -0.152394
0.310219 -0.154682
0.30907 -0.156964
0.307906 -0.159241
0.306725 -0.161513
0.305529 -0.163778
0.304317 -0.166037
0.303089 -0.168291
0.301845 -0.170537
0.300585 -0.172778
0.29931 -0.175012
0.298019 -0.177239
0.296713 -0.179459
0.295391 -0.181672
0.294054 -0.183878
0.292701 -0.186076
0.291333 -0.188267
0.28995 -0.190451
0.288551 -0.192626
0.287137 -0.194794
0.285708 -0.196954
0.284265 -0.199105
0.282806 -0.201249
0.281332 -0.203383
0.279844 -0.20551
0.278341 -0.207627
0.276823 -0.209736
0.275291 -0.211835
0.273744 -0.213926
0.272182 -0.216007
0.270607 -0.218078
0.269017 -0.220141
0.267413 -0.222193
0.265794 -0.224236
0.264162 -0.226269
0.262516 -0.228291
0.260856 -0.230304
0.259183 -0.232306
0.257495 -0.234298
0.255794 -0.236279
0.25408 -0.238249
0.252353 -0.240209
0.250612 -0.242158
0.248858 -0.244095
0.24709 -0.246021
0.24531 -0.247936
0.243517 -0.24984
0.241712 -0.251732
0.239893 -0.253612
0.238063 -0.255481
0.236219 -0.257337
0.234364 -0.259182
0.232496 -0.261014
0.230616 -0.262835
0.228724 -0.264642
0.226821 -0.266438
0.224905 -0.26822
0.222978 -0.26999
0.221039 -0.271747
0.219089 -0.273492
0.217128 -0.275223
0.215156 -0.276941
0.213172 -0.278646
0.211178 -0.280338
0.209173 -0.282016
0.207157 -0.28368
0.205131 -0.285331
0.203094 -0.286969
0.201047 -0.288592
0.19899 -0.290202
0.196923 -0.291797
0.194846 -0.293379
0.192759 -0.294946
0.190663 -0.296499
0.188557 -0.298038
0.186442 -0.299562
0.184317 -0.301072
0.182184 -0.302567
0.180042 -0.304048
0.177891 -0.305513
0.175731 -0.306964
0.173563 -0.3084
0.171386 -0.309821
0.169201 -0.311227
0.167008 -0.312618
0.164808 -0.313994
0.162599 -0.315354
0.160383 -0.316699
0.158159 -0.318029
0.155928 -0.319343
0.15369 -0.320642
0.151444 -0.321925
0.149192 -0.323193
0.146933 -0.324445
0.144667 -0.325681
0.142395 -0.326901
0.140117 -0.328106
0.137832 -0.329294
0.135541 -0.330467
0.133245 -0.331624
0.130943 -0.332764
0.128635 -0.333889
0.126322 -0.334998
0.124004 -0.33609
0.12168 -0.337166
0.119352 -0.338226
0.117018 -0.33927
0.11468 -0.340297
0.112338 -0.341308
0.109991 -0.342303
0.10764 -0.343281
0.105286 -0.344243
0.102927 -0.345188
0.100564 -0.346117
0.0981981 -0.34703
0.0958286 -0.347926
0.0934558 -0.348806
0.0910799 -0.349669
0.0887011 -0.350515
0.0863195 -0.351345
0.0839352 -0.352159
0.0815485 -0.352956
0.0791594 -0.353736
0.0767681 -0.3545
0.0743748 -0.355247
0.0719796 -0.355977
0.0695827 -0.356691
0.0671842 -0.357389
0.0647843 -0.358069
0.0623831 -0.358734
0.0599808 -0.359381
0.0575775 -0.360013
0.0551735 -0.360627
0.0527687 -0.361225
0.0503635 -0.361807
0.0479578 -0.362372
0.045552 -0.36292
0.0431461 -0.363453
0.0407402 -0.363968
0.0383346 -0.364468
0.0359294 -0.36495
0.0335247 -0.365417
0.0311207 -0.365867
0.0287174 -0.366301
0.0263152 -0.366718
0.023914 -0.36712
0.0215141 -0.367505
0.0191155 -0.367874
0.0167185 -0.368226
0.0143232 -0.368563
0.0119296 -0.368883
0.00953806 -0.369188
0.00714857 -0.369477
0.00476131 -0.369749
0.00237642 -0.370006
-5.96564e-06 -0.370247
-0.00238571 -0.370472
-0.00476269 -0.370681
-0.00713676 -0.370874
-0.00950778 -0.371052
-0.0118756 -0.371215
-0.0142402 -0.371361
-0.0166013 -0.371493
-0.0189588 -0.371609
-0.0213127 -0.371709
-0.0236627 -0.371794
-0.0260088 -0.371864
-0.0283508 -0.371919
-0.0306886 -0.371959
-0.0330221 -0.371983
-0.0353511 -0.371993
-0.0376756 -0.371987
-0.0399954 -0.371967
-0.0423104 -0.371932
-0.0446204 -0.371883
-0.0469254 -0.371818
-0.0492253 -0.37174
-0.0515199 -0.371646
-0.0538091 -0.371539
-0.0560928 -0.371416
-0.0583709 -0.37128
-0.0606432 -0.37113
-0.0629098 -0.370965
-0.0651704 -0.370787
-0.067425 -0.370594
-0.0696734 -0.370388
-0.0719155 -0.370168
-0.0741513 -0.369934
-0.0763807 -0.369687
-0.0786035 -0.369426
-0.0808196 -0.369152
-0.083029 -0.368864
-0.0852315 -0.368563
-0.0874271 -0.36825
-0.0896157 -0.367923
-0.0917971 -0.367583
-0.0939712 -0.36723
-0.0961381 -0.366865
-0.0982976 -0.366486
-0.10045 -0.366096
-0.102594 -0.365692
-0.104731 -0.365277
-0.10686 -0.364849
-0.108981 -0.364409
-0.111094 -0.363957
-0.113199 -0.363493
-0.115297 -0.363017
-0.117386 -0.362529
-0.119466 -0.362029
-0.121539 -0.361518
-0.123603 -0.360996
-0.125659 -0.360462
-0.127706 -0.359917
-0.129745 -0.35936
-0.131775 -0.358793
-0.133796 -0.358215
-0.135808 -0.357626
-0.137812 -0.357026
-0.139807 -0.356415
-0.141793 -0.355794
-0.143769 -0.355162
-0.145737 -0.354521
-0.147696 -0.353869
-0.149645 -0.353206
-0.151585 -0.352534
-0.153516 -0.351852
-0.155437 -0.35116
-0.15735 -0.350459
-0.159252 -0.349748
-0.161145 -0.349027
-0.163029 -0.348298
-0.164903 -0.347559
-0.166767 -0.34681
-0.168622 -0.346053
-0.170467 -0.345287
-0.172302 -0.344512
-0.174127 -0.343729
-0.175943 -0.342937
-0.177749 -0.342136
-0.179544 -0.341327
-0.18133 -0.34051
-0.183106 -0.339685
-0.184872 -0.338851
-0.186628 -0.33801
-0.188374 -0.337161
-0.190109 -0.336304
-0.191835 -0.33544
-0.193551 -0.334568
-0.195256 -0.333689
-0.196951 -0.332803
-0.198636 -0.331909
-0.200311 -0.331008
-0.201975 -0.330101
-0.203629 -0.329187
-0.205273 -0.328266
-0.206907 -0.327338
-0.20853 -0.326404
-0.210143 -0.325463
-0.211746 -0.324516
-0.213338 -0.323564
-0.21492 -0.322604
-0.216492 -0.32164
-0.218053 -0.320669
-0.219604 -0.319692
-0.221145 -0.31871
-0.222675 -0.317722
-0.224195 -0.316729
-0.225704 -0.315731
-0.227203 -0.314727
-0.228692 -0.313718
-0.23017 -0.312704
-0.231638 -0.311686
-0.233095 -0.310662
-0.234542 -0.309634
-0.235979 -0.308601
-0.237405 -0.307564
-0.238821 -0.306522
-0.240227 -0.305476
-0.241622 -0.304426
-0.243007 -0.303372
-0.244382 -0.302314
-0.245746 -0.301251
-0.2471 -0.300185
-0.248443 -0.299116
-0.249777 -0.298043
-0.2511 -0.296966
-0.252413 -0.295886
-0.253716 -0.294802
-0.255008 -0.293716
-0.25629 -0.292626
-0.257562 -0.291533
-0.258824 -0.290437
-0.260076 -0.289339
-0.261318 -0.288237
-0.26255 -0.287133
-0.263771 -0.286027
-0.264983 -0.284918
-0.266184 -0.283806
-0.267376 -0.282693
-0.268557 -0.281577
-0.269729 -0.280459
-0.27089 -0.279339
-0.272042 -0.278217
-0.273184 -0.277093
-0.274316 -0.275967
-0.275438 -0.27484
-0.276551 -0.273711
-0.277653 -0.272581
-0.278746 -0.271449
-0.27983 -0.270316
-0.280903 -0.269181
-0.281968 -0.268045
-0.283022 -0.266909
-0.284067 -0.265771
-0.285102 -0.264632
-0.286128 -0.263492
-0.287145 -0.262352
-0.288152 -0.261211
-0.28915 -0.260069
-0.290138 -0.258927
-0.291117 -0.257784
-0.292087 -0.256641
-0.293048 -0.255497
-0.293999 -0.254353
-0.294942 -0.253209
-0.295875 -0.252065
-0.296799 -0.250921
-0.297714 -0.249777
-0.29862 -0.248633
-0.299518 -0.247489
-0.300406 -0.246345
-0.301285 -0.245202
-0.302156 -0.244059
-0.303018 -0.242916
-0.303871 -0.241774
-0.304716 -0.240632
-0.305552 -0.239491
-0.306379 -0.238351
-0.307198 -0.237211
-0.308008 -0.236073
-0.30881 -0.234935
-0.309603 -0.233798
-0.310388 -0.232662
-0.311165 -0.231527
-0.311933 -0.230393
-0.312693 -0.229261
-0.313445 -0.228129
-0.314189 -0.226999
-0.314925 -0.22587
-0.315652 -0.224743
-0.316372 -0.223617
-0.317084 -0.222493
-0.317788 -0.22137
-0.318484 -0.220248
-0.319172 -0.219129
-0.319852 -0.218011
-0.320525 -0.216895
-0.32119 -0.21578
-0.321847 -0.214668
-0.322497 -0.213557
-0.32314 -0.212448
-0.323774 -0.211342
-0.324402 -0.210237
-0.325022 -0.209134
-0.325635 -0.208034
-0.32624 -0.206936
-0.326838 -0.20584
-0.327429 -0.204746
-0.328013 -0.203654
-0.32859 -0.202565
-0.32916 -0.201479
-0.329723 -0.200394
-0.330279 -0.199312
-0.330828 -0.198233
-0.33137 -0.197156
-0.331906 -0.196082
-0.332434 -0.19501
-0.332956 -0.193941
-0.333472 -0.192875
-0.33398 -0.191812
-0.334483 -0.190751
-0.334978 -0.189693
-0.335468 -0.188638
-0.335951 -0.187585
-0.336427 -0.186536
-0.336897 -0.18549
-0.337362 -0.184446
-0.337819 -0.183406
-0.338271 -0.182368
-0.338717 -0.181334
-0.339156 -0.180302
-0.33959 -0.179274
-0.340017 -0.178249
-0.340439 -0.177227
-0.340855 -0.176208
-0.341265 -0.175192
-0.341669 -0.17418
-0.342068 -0.173171
-0.342461 -0.172165
-0.342848 -0.171162
-0.34323 -0.170163
-0.343606 -0.169167
-0.343977 -0.168175
-0.344342 -0.167186
-0.344702 -0.1662
-0.345057 -0.165218
-0.345406 -0.164239
-0.34575 -0.163264
-0.346089 -0.162292
-0.346423 -0.161323
-0.346751 -0.160359
-0.347075 -0.159397
-0.347394 -0.15844
-0.347707 -0.157486
-0.348016 -0.156535
-0.34832 -0.155588
-0.348619 -0.154645
-0.348913 -0.153705
-0.349202 -0.152769
-0.349487 -0.151837
-0.349767 -0.150908
-0.350043 -0.149983
-0.350314 -0.149062
-0.35058 -0.148144
-0.350842 -0.147231
-0.3511 -0.146321
-0.351353 -0.145414
-0.351602 -0.144512
-0.351846 -0.143613
-0.352087 -0.142718
-0.352323 -0.141826
-0.352555 -0.140939
-0.352782 -0.140055
-0.353006 -0.139175
-0.353226 -0.138299
-0.353441 -0.137427
-0.353653 -0.136559
-0.353861 -0.135694
-0.354064 -0.134833
-0.354264 -0.133976
-0.354461 -0.133123
-0.354653 -0.132274
-0.354842 -0.131428
-0.355027 -0.130587
-0.355208 -0.129749
-0.355386 -0.128915
-0.35556 -0.128085
-0.355731 -0.127259
-0.355898 -0.126437
-0.356061 -0.125618
-0.356222 -0.124804
-0.356379 -0.123993
-0.356532 -0.123186
-0.356682 -0.122383
-0.356829 -0.121584
-0.356973 -0.120789
-0.357114 -0.119997
-0.357251 -0.11921
-0.357385 -0.118426
-0.357516 -0.117646
-0.357645 -0.11687
-0.35777 -0.116098
-0.357892 -0.11533
-0.358011 -0.114565
-0.358127 -0.113805
-0.358241 -0.113048
-0.358351 -0.112295
-0.358459 -0.111546
-0.358564 -0.1108
-0.358666 -0.110059
-0.358765 -0.109321
-0.358862 -0.108587
-0.358956 -0.107856
-0.359048 -0.10713
-0.359137 -0.106407
-0.359223 -0.105688
-0.359307 -0.104973
-0.359388 -0.104262
-0.359467 -0.103554
-0.359544 -0.10285
-0.359618 -0.10215
-0.359689 -0.101453
-0.359759 -0.100761
-0.359826 -0.100071
-0.359891 -0.0993861
-0.359953 -0.0987043
-0.360013 -0.0980262
-0.360071 -0.0973517
-0.360127 -0.0966809
-0.360181 -0.0960137
-0.360233 -0.0953501
-0.360282 -0.0946902
-0.36033 -0.0940338
-0.360375 -0.093381
-0.360419 -0.0927318
-0.36046 -0.0920861
-0.3605 -0.091444
-0.360538 -0.0908054
-0.360573 -0.0901703
-0.360607 -0.0895387
-0.360639 -0.0889106
-0.360669 -0.088286
-0.360698 -0.0876649
-0.360724 -0.0870472
-0.360749 -0.0864329
-0.360772 -0.0858221
-0.360794 -0.0852147
-0.360814 -0.0846106
-0.360832 -0.08401
-0.360848 -0.0834126
-0.360863 -0.0828187
-0.360876 -0.082228
-0.360888 -0.0816407
-0.360898 -0.0810567
-0.360907 -0.0804759
-0.360914 -0.0798984
-0.36092 -0.0793241
-0.360924 -0.0787531
-0.360927 -0.0781853
-0.360928 -0.0776207
-0.360928 -0.0770593
-0.360927 -0.076501
-0.360924 -0.0759458
-0.36092 -0.0753938
-0.360915 -0.0748449
-0.360908 -0.0742991
-0.360901 -0.0737563
-0.360891 -0.0732166
-0.360881 -0.07268
-0.360869 -0.0721463
-0.360857 -0.0716156
-0.360843 -0.071088
-0.360828 -0.0705632
-0.360811 -0.0700414
-0.360794 -0.0695226
-0.360776 -0.0690066
-0.360756 -0.0684935
-0.360736 -0.0679832
-0.360714 -0.0674758
-0.360691 -0.0669712
-0.360668 -0.0664694
-0.360643 -0.0659704
-0.360617 -0.0654742
-0.360591 -0.0649807
-0.360563 -0.0644899
-0.360535 -0.0640017
-0.360505 -0.0635163
-0.360475 -0.0630335
-0.360444 -0.0625534
-0.360412 -0.0620758
-0.360379 -0.0616009
-0.360345 -0.0611285
-0.36031 -0.0606586
-0.360275 -0.0601913
-0.360238 -0.0597265
-0.360201 -0.0592641
-0.360164 -0.0588042
-0.360125 -0.0583468
-0.360086 -0.0578917
-0.360046 -0.0574391
-0.360005 -0.0569888
-0.359963 -0.0565408
-0.359921 -0.0560952
-0.359878 -0.0556519
-0.359835 -0.0552108
-0.359791 -0.054772
-0.359746 -0.0543355
-0.359701 -0.0539011
-0.359654 -0.0534689
-0.359608 -0.0530389
-0.359561 -0.0526111
-0.359513 -0.0521853
-0.359464 -0.0517616
-0.359415 -0.05134
-0.359366 -0.0509204
-0.359316 -0.0505029
-0.359265 -0.0500873
-0.359214 -0.0496737
-0.359162 -0.0492621
-0.35911 -0.0488524
-0.359057 -0.0484445
-0.359004 -0.0480386
-0.358951 -0.0476345
-0.358897 -0.0472322
-0.358842 -0.0468317
-0.358787 -0.046433
-0.358732 -0.0460361
-0.358676 -0.0456409
-0.35862 -0.0452473
-0.358563 -0.0448555
-0.358506 -0.0444653
-0.358449 -0.0440767
-0.358391 -0.0436898
-0.358333 -0.0433044
-0.358274 -0.0429205
-0.358215 -0.0425382
-0.358156 -0.0421574
-0.358096 -0.0417781
-0.358036 -0.0414002
-0.357976 -0.0410237
-0.357916 -0.0406486
-0.357855 -0.0402749
-0.357794 -0.0399026
-0.357732 -0.0395316
-0.35767 -0.0391619
-0.357608 -0.0387934
-0.357546 -0.0384262
-0.357483 -0.0380602
-0.35742 -0.0376954
-0.357357 -0.0373318
-0.357294 -0.0369693
-0.35723 -0.0366079
-0.357166 -0.0362476
-0.357102 -0.0358884
-0.357038 -0.0355302
-0.356973 -0.0351731
-0.356908 -0.0348169
-0.356843 -0.0344617
-0.356778 -0.0341074
-0.356712 -0.033754
-0.356647 -0.0334015
-0.356581 -0.0330498
-0.356515 -0.032699
-0.356449 -0.032349
-0.356382 -0.0319998
-0.356316 -0.0316513
-0.356249 -0.0313035
-0.356182 -0.0309564
-0.356115 -0.03061
-0.356047 -0.0302642
-0.35598 -0.029919
-0.355912 -0.0295745
-0.355845 -0.0292305
-0.355777 -0.028887
-0.355709 -0.028544
-0.355641 -0.0282016
-0.355572 -0.0278595
-0.355504 -0.0275179
-0.355435 -0.0271767
-0.355367 -0.0268359
-0.355298 -0.0264954
-0.355229 -0.0261553
-0.35516 -0.0258154
-0.355091 -0.0254758
-0.355021 -0.0251365
-0.354952 -0.0247974
-0.354882 -0.0244584
-0.354813 -0.0241196
-0.354743 -0.0237809
-0.354673 -0.0234424
-0.354603 -0.0231039
-0.354533 -0.0227655
-0.354463 -0.0224271
-0.354393 -0.0220887
-0.354322 -0.0217503
-0.354252 -0.0214118
-0.354181 -0.0210732
-0.35411 -0.0207345
-0.35404 -0.0203957
-0.353969 -0.0200567
-0.353898 -0.0197175
-0.353827 -0.0193781
-0.353756 -0.0190385
-0.353685 -0.0186986
-0.353613 -0.0183584
-0.353542 -0.0180178
-0.35347 -0.0176769
-0.353399 -0.0173357
-0.353327 -0.016994
-0.353255 -0.0166518
-0.353183 -0.0163093
-0.353111 -0.0159662
-0.353039 -0.0156226
-0.352967 -0.0152785
-0.352895 -0.0149338
-0.352823 -0.0145885
-0.35275 -0.0142425
-0.352678 -0.013896
-0.352605 -0.0135487
-0.352532 -0.0132008
-0.352459 -0.0128521
-0.352386 -0.0125026
-0.352313 -0.0121524
-0.35224 -0.0118013
-0.352167 -0.0114494
-0.352094 -0.0110967
-0.35202 -0.010743
-0.351947 -0.0103885
-0.351873 -0.0100329
-0.351799 -0.00967645
-0.351725 -0.00931895
-0.351651 -0.00896043
-0.351577 -0.00860085
-0.351502 -0.00824019
-0.351428 -0.00787842
-0.351353 -0.00751552
-0.351278 -0.00715146
-0.351204 -0.0067862
-0.351129 -0.00641974
-0.351053 -0.00605203
-0.350978 -0.00568305
-0.350902 -0.00531278
-0.350827 -0.00494118
-0.350751 -0.00456824
-0.350675 -0.00419393
-0.350599 -0.00381821
-0.350522 -0.00344107
-0.350446 -0.00306247
-0.350369 -0.0026824
-0.350292 -0.00230081
-0.350215 -0.0019177
-0.350138 -0.00153303
-0.35006 -0.00114677
-0.349982 -0.000758902
-0.349904 -0.000369397
-0.349826 2.17714e-05
-0.349748 0.000414628
-0.349669 0.0008092
-0.34959 0.00120551
-0.349511 0.00160359
-0.349432 0.00200347
-0.349352 0.00240516
-0.349272 0.00280869
-0.349192 0.0032141
-0.349111 0.0036214
-0.349031 0.00403062
-0.34895 0.00444179
-0.348868 0.00485493
-0.348786 0.00527007
-0.348704 0.00568723
-0.348622 0.00610644
-0.34854 0.00652772
-0.348457 0.00695111
-0.348373 0.00737661
-0.348289 0.00780427
-0.348205 0.0082341
-0.348121 0.00866613
-0.348036 0.00910039
-0.347951 0.00953689
-0.347865 0.00997567
-0.347779 0.0104167
-0.347693 0.0108601
-0.347606 0.0113059
-0.347519 0.011754
-0.347431 0.0122045
-0.347343 0.0126575
-0.347254 0.0131129
-0.347165 0.0135707
-0.347075 0.0140311
-0.346985 0.0144939
-0.346894 0.0149593
-0.346803 0.0154273
-0.346711 0.0158979
-0.346619 0.0163711
-0.346526 0.0168469
-0.346433 0.0173254
-0.346339 0.0178065
-0.346244 0.0182904
-0.346149 0.018777
-0.346053 0.0192664
-0.345957 0.0197585
-0.34586 0.0202534
-0.345762 0.0207512
-0.345664 0.0212518
-0.345565 0.0217553
-0.345465 0.0222616
-0.345364 0.0227709
-0.345263 0.0232832
-0.345161 0.0237983
-0.345059 0.0243165
-0.344955 0.0248377
-0.344851 0.0253619
-0.344746 0.0258891
-0.34464 0.0264194
-0.344533 0.0269528
-0.344426 0.0274893
-0.344317 0.028029
-0.344208 0.0285718
-0.344098 0.0291178
-0.343987 0.029667
-0.343875 0.0302194
-0.343762 0.030775
-0.343648 0.0313339
-0.343533 0.0318961
-0.343418 0.0324616
-0.343301 0.0330304
-0.343183 0.0336025
-0.343064 0.0341781
-0.342944 0.034757
-0.342823 0.0353393
-0.342701 0.035925
-0.342577 0.0365142
-0.342453 0.0371068
-0.342327 0.0377029
-0.342201 0.0383025
-0.342073 0.0389056
-0.341943 0.0395123
-0.341813 0.0401225
-0.341681 0.0407363
-0.341548 0.0413537
-0.341414 0.0419747
-0.341279 0.0425993
-0.341142 0.0432276
-0.341003 0.0438595
-0.340864 0.0444952
-0.340723 0.0451345
-0.34058 0.0457775
-0.340436 0.0464243
-0.340291 0.0470748
-0.340144 0.0477291
-0.339995 0.0483871
-0.339845 0.049049
-0.339693 0.0497147
-0.33954 0.0503842
-0.339385 0.0510576
-0.339229 0.0517348
-0.339071 0.0524159
-0.338911 0.0531008
-0.338749 0.0537897
-0.338586 0.0544826
-0.338421 0.0551793
-0.338254 0.05588
-0.338085 0.0565847
-0.337915 0.0572933
-0.337742 0.0580059
-0.337568 0.0587226
-0.337392 0.0594432
-0.337214 0.0601679
-0.337033 0.0608966
-0.336851 0.0616294
-0.336667 0.0623663
-0.33648 0.0631072
-0.336292 0.0638522
-0.336101 0.0646013
-0.335908 0.0653545
-0.335713 0.0661119
-0.335516 0.0668734
-0.335317 0.067639
-0.335115 0.0684088
-0.334911 0.0691828
-0.334705 0.0699609
-0.334496 0.0707432
-0.334285 0.0715297
-0.334071 0.0723204
-0.333855 0.0731153
-0.333636 0.0739144
-0.333415 0.0747178
-0.333192 0.0755254
-0.332965 0.0763372
-0.332736 0.0771533
-0.332505 0.0779736
-0.33227 0.0787982
-0.332033 0.079627
-0.331794 0.0804602
-0.331551 0.0812976
-0.331306 0.0821392
-0.331057 0.0829852
-0.330806 0.0838355
-0.330552 0.08469
-0.330295 0.0855489
-0.330034 0.086412
-0.329771 0.0872795
-0.329505 0.0881513
-0.329235 0.0890273
-0.328963 0.0899077
-0.328687 0.0907924
-0.328408 0.0916815
-0.328125 0.0925748
-0.327839 0.0934724
-0.32755 0.0943744
-0.327258 0.0952807
-0.326962 0.0961913
-0.326663 0.0971062
-0.32636 0.0980255
-0.326053 0.098949
-0.325743 0.0998769
-0.32543 0.100809
-0.325112 0.101745
-0.324791 0.102686
-0.324466 0.103631
-0.324138 0.104581
-0.323805 0.105534
-0.323469 0.106492
-0.323129 0.107454
-0.322785 0.108421
-0.322436 0.109392
-0.322084 0.110367
-0.321728 0.111346
-0.321367 0.112329
-0.321003 0.113317
-0.320634 0.114309
-0.320261 0.115305
-0.319883 0.116306
-0.319501 0.11731
-0.319115 0.118319
-0.318724 0.119332
-0.318329 0.120349
-0.31793 0.12137
-0.317525 0.122396
-0.317117 0.123425
-0.316703 0.124459
-0.316285 0.125497
-0.315862 0.126539
-0.315434 0.127584
-0.315002 0.128634
-0.314564 0.129688
-0.314122 0.130746
-0.313674 0.131808
-0.313222 0.132874
-0.312764 0.133944
-0.312302 0.135018
-0.311834 0.136096
-0.311361 0.137178
-0.310883 0.138264
-0.310399 0.139353
-0.30991 0.140447
-0.309416 0.141544
-0.308916 0.142645
-0.308411 0.14375
-0.3079 0.144858
-0.307383 0.145971
-0.306861 0.147087
-0.306334 0.148206
-0.3058 0.14933
-0.305261 0.150457
-0.304716 0.151587
-0.304164 0.152721
-0.303607 0.153859
-0.303045 0.155
-0.302476 0.156145
-0.3019 0.157293
-0.301319 0.158445
-0.300732 0.1596
-0.300138 0.160758
-0.299538 0.16192
-0.298932 0.163085
-0.29832 0.164253
-0.297701 0.165425
-0.297075 0.166599
-0.296443 0.167777
-0.295805 0.168958
-0.295159 0.170142
-0.294508 0.171329
-0.293849 0.172519
-0.293184 0.173712
-0.292512 0.174908
-0.291833 0.176107
-0.291147 0.177309
-0.290454 0.178513
-0.289754 0.17972
-0.289047 0.18093
-0.288333 0.182143
-0.287612 0.183358
-0.286883 0.184576
-0.286148 0.185796
-0.285405 0.187019
-0.284655 0.188244
-0.283897 0.189472
-0.283132 0.190702
-0.282359 0.191934
-0.281579 0.193169
-0.280792 0.194405
-0.279996 0.195644
-0.279193 0.196885
-0.278383 0.198128
-0.277564 0.199373
-0.276738 0.20062
-0.275904 0.201869
-0.275062 0.203119
-0.274212 0.204371
-0.273354 0.205625
-0.272488 0.206881
-0.271614 0.208138
-0.270732 0.209396
-0.269841 0.210657
-0.268943 0.211918
-0.268036 0.213181
-0.267121 0.214445
-0.266197 0.21571
-0.265265 0.216977
-0.264325 0.218244
-0.263376 0.219513
-0.262419 0.220782
-0.261453 0.222052
-0.260479 0.223323
-0.259496 0.224595
-0.258504 0.225868
-0.257504 0.227141
-0.256494 0.228414
-0.255477 0.229688
-0.25445 0.230963
-0.253414 0.232237
-0.25237 0.233512
-0.251316 0.234787
-0.250254 0.236062
-0.249182 0.237337
-0.248102 0.238613
-0.247012 0.239887
-0.245913 0.241162
-0.244805 0.242436
-0.243688 0.24371
-0.242562 0.244984
-0.241427 0.246257
-0.240282 0.247529
-0.239128 0.248801
-0.237964 0.250071
-0.236792 0.251341
-0.235609 0.25261
-0.234418 0.253878
-0.233217 0.255144
-0.232006 0.25641
-0.230786 0.257674
-0.229557 0.258937
-0.228318 0.260198
-0.227069 0.261457
-0.22581 0.262715
-0.224543 0.263971
-0.223265 0.265226
-0.221978 0.266478
-0.220681 0.267728
-0.219374 0.268976
-0.218058 0.270222
-0.216731 0.271465
-0.215395 0.272707
-0.21405 0.273945
-0.212694 0.275181
-0.211329 0.276414
-0.209954 0.277644
-0.208569 0.278872
-0.207174 0.280096
-0.205769 0.281318
-0.204354 0.282536
-0.20293 0.28375
-0.201495 0.284962
-0.200051 0.286169
-0.198597 0.287373
-0.197133 0.288574
-0.195659 0.28977
-0.194175 0.290963
-0.192681 0.292152
-0.191177 0.293336
-0.189663 0.294516
-0.188139 0.295692
-0.186605 0.296863
-0.185062 0.29803
-0.183508 0.299192
-0.181945 0.300349
-0.180371 0.301501
-0.178788 0.302649
-0.177194 0.303791
-0.175591 0.304928
-0.173978 0.306059
-0.172355 0.307186
-0.170722 0.308306
-0.169079 0.309421
-0.167427 0.31053
-0.165764 0.311633
-0.164092 0.312731
-0.16241 0.313822
-0.160718 0.314906
-0.159017 0.315985
-0.157305 0.317057
-0.155584 0.318122
-0.153853 0.319181
-0.152113 0.320233
-0.150363 0.321278
-0.148603 0.322316
-0.146834 0.323347
-0.145055 0.32437
-0.143266 0.325386
-0.141468 0.326395
-0.139661 0.327396
-0.137844 0.328389
-0.136017 0.329375
-0.134181 0.330352
-0.132336 0.331321
-0.130482 0.332283
-0.128618 0.333236
-0.126745 0.33418
-0.124863 0.335116
-0.122972 0.336043
-0.121072 0.336962
-0.119162 0.337871
-0.117244 0.338772
-0.115316 0.339664
-0.11338 0.340546
-0.111435 0.341419
-0.109481 0.342282
-0.107519 0.343136
-0.105547 0.34398
-0.103567 0.344815
-0.101579 0.345639
-0.0995816 0.346454
-0.097576 0.347258
-0.0955621 0.348052
-0.0935398 0.348836
-0.0915093 0.349609
-0.0894705 0.350371
-0.0874236 0.351123
-0.0853686 0.351864
-0.0833056 0.352594
-0.0812347 0.353313
-0.0791559 0.354021
-0.0770694 0.354718
-0.0749751 0.355403
-0.0728732 0.356076
-0.0707637 0.356739
-0.0686468 0.357389
-0.0665224 0.358028
-0.0643907 0.358654
-0.0622518 0.359269
-0.0601057 0.359871
-0.0579526 0.360462
-0.0557925 0.36104
-0.0536254 0.361605
-0.0514516 0.362158
-0.049271 0.362698
-0.0470838 0.363226
-0.0448901 0.36374
-0.04269 0.364242
-0.0404835 0.36473
-0.0382707 0.365206
-0.0360518 0.365668
-0.0338268 0.366117
-0.0315959 0.366552
-0.0293591 0.366974
-0.0271166 0.367382
-0.0248684 0.367776
-0.0226147 0.368157
-0.0203556 0.368523
-0.0180911 0.368876
-0.0158214 0.369214
-0.0135466 0.369538
-0.0112667 0.369848
-0.00898202 0.370144
-0.00669252 0.370425
-0.00439836 0.370691
-0.00209964 0.370943
0.000203507 0.37118
0.00251098 0.371402
0.00482265 0.37161
0.0071384 0.371802
0.00945811 0.37198
0.0117817 0.372142
0.0141089 0.372289
0.0164398 0.37242
0.0187741 0.372537
0.0211118 0.372638
0.0234527 0.372723
0.0257967 0.372793
0.0281437 0.372847
0.0304935 0.372886
0.032846 0.372908
0.0352011 0.372915
0.0375586 0.372906
0.0399185 0.372881
0.0422805 0.37284
0.0446446 0.372782
0.0470106 0.372709
0.0493783 0.372619
0.0517478 0.372513
0.0541187 0.372391
0.0564909 0.372252
0.0588644 0.372097
0.061239 0.371926
0.0636146 0.371737
0.0659909 0.371533
0.0683679 0.371311
0.0707455 0.371073
0.0731234 0.370818
0.0755016 0.370547
0.0778799 0.370258
0.0802581 0.369953
0.0826361 0.369631
0.0850138 0.369292
0.087391 0.368936
0.0897676 0.368563
0.0921434 0.368173
0.0945183 0.367765
0.0968921 0.367341
0.0992647 0.3669
0.101636 0.366441
0.104006 0.365966
0.106374 0.365473
0.10874 0.364963
0.111104 0.364435
0.113466 0.363891
0.115826 0.363329
0.118184 0.36275
0.120539 0.362154
0.122891 0.36154
0.12524 0.360909
0.127587 0.360261
0.12993 0.359595
0.13227 0.358912
0.134606 0.358212
0.136939 0.357495
0.139268 0.35676
0.141593 0.356007
0.143914 0.355238
0.146231 0.354451
0.148543 0.353647
0.150851 0.352825
0.153154 0.351987
0.155453 0.351131
0.157746 0.350258
0.160035 0.349367
0.162318 0.348459
0.164595 0.347534
0.166867 0.346592
0.169133 0.345633
0.171394 0.344657
0.173648 0.343663
0.175896 0.342653
0.178138 0.341625
0.180373 0.34058
0.182602 0.339519
0.184824 0.33844
0.187039 0.337344
0.189247 0.336232
0.191448 0.335103
0.193641 0.333957
0.195827 0.332794
0.198005 0.331614
0.200175 0.330418
0.202338 0.329205
0.204492 0.327976
0.206638 0.32673
0.208776 0.325468
0.210905 0.324189
0.213026 0.322894
0.215138 0.321582
0.21724 0.320255
0.219334 0.318911
0.221419 0.317551
0.223494 0.316175
0.22556 0.314783
0.227616 0.313375
0.229662 0.311951
0.231698 0.310511
0.233725 0.309056
0.235741 0.307585
0.237747 0.306098
0.239742 0.304596
0.241727 0.303079
0.243702 0.301546
0.245665 0.299998
0.247618 0.298435
0.249559 0.296856
0.251489 0.295263
0.253408 0.293655
0.255315 0.292031
0.257211 0.290394
0.259095 0.288741
0.260968 0.287074
0.262828 0.285392
0.264676 0.283696
0.266513 0.281986
0.268337 0.280261
0.270148 0.278522
0.271947 0.27677
0.273733 0.275003
0.275507 0.273223
0.277268 0.271428
0.279015 0.269621
0.28075 0.2678
0.282472 0.265965
0.28418 0.264117
0.285875 0.262256
0.287556 0.260382
0.289224 0.258494
0.290878 0.256594
0.292518 0.254682
0.294144 0.252756
0.295756 0.250818
0.297355 0.248868
0.298939 0.246905
0.300508 0.244931
0.302064 0.242944
0.303605 0.240945
0.305131 0.238935
0.306643 0.236912
0.308139 0.234878
0.309622 0.232833
0.311089 0.230777
0.312541 0.228709
0.313978 0.22663
0.3154 0.22454
0.316807 0.222439
0.318198 0.220328
0.319575 0.218206
0.320935 0.216074
0.32228 0.213931
0.32361 0.211778
0.324924 0.209615
0.326222 0.207442
0.327504 0.205259
0.32877 0.203067
0.330021 0.200865
0.331255 0.198654
0.332474 0.196433
0.333676 0.194204
0.334862 0.191965
0.336032 0.189718
0.337186 0.187462
0.338323 0.185197
0.339444 0.182924
0.340548 0.180642
0.341636 0.178352
0.342707 0.176055
0.343762 0.173749
0.3448 0.171436
0.345821 0.169115
0.346826 0.166787
0.347814 0.164451
0.348785 0.162108
0.349739 0.159758
0.350676 0.157401
0.351597 0.155038
0.3525 0.152668
0.353387 0.150291
0.354256 0.147908
0.355108 0.145519
0.355944 0.143123
0.356762 0.140722
0.357563 0.138315
0.358347 0.135903
0.359114 0.133485
0.359863 0.131062
0.360596 0.128633
0.361311 0.1262
0.362009 0.123761
0.362689 0.121318
0.363353 0.11887
0.363999 0.116418
0.364628 0.113961
0.365239 0.111501
0.365834 0.109036
0.36641 0.106567
0.36697 0.104095
0.367512 0.101619
0.368037 0.0991391
0.368545 0.0966563
0.369035 0.0941703
0.369508 0.0916813
0.369964 0.0891894
0.370403 0.0866948
0.370824 0.0841976
0.371228 0.0816978
0.371614 0.0791958
0.371984 0.0766916
0.372336 0.0741854
0.37267 0.0716773
0.372988 0.0691674
0.373289 0.0666559
0.373572 0.0641429
0.373838 0.0616286
0.374087 0.0591132
0.374319 0.0565966
0.374533 0.0540792
0.374731 0.0515609
0.374912 0.0490421
0.375075 0.0465227
0.375222 0.044003
0.375352 0.041483
0.375464 0.038963
0.37556 0.036443
0.375639 0.0339232
0.375701 0.0314037
0.375747 0.0288846
0.375775 0.0263661
0.375787 0.0238484
0.375783 0.0213315
0.375761 0.0188156
0.375723 0.0163008
0.375669 0.0137872
0.375598 0.0112751
0.375511 0.00876441
0.375407 0.00625538
0.375287 0.00374812
0.37515 0.00124274
0.374998 -0.00126061
0.374829 -0.00376182
0.374644 -0.00626075
0.374443 -0.00875728
0.374226 -0.0112513
0.373993 -0.0137427
0.373744 -0.0162313
0.373479 -0.018717
0.373198 -0.0211996
0.372902 -0.0236792
0.37259 -0.0261555
0.372262 -0.0286284
0.371919 -0.0310978
0.371561 -0.0335636
0.371187 -0.0360257
0.370797 -0.038484
0.370393 -0.0409382
0.369973 -0.0433884
0.369538 -0.0458344
0.369088 -0.0482761
0.368623 -0.0507134
0.368143 -0.0531462
0.367648 -0.0555743
0.367139 -0.0579977
0.366615 -0.0604162
0.366076 -0.0628298
0.365522 -0.0652382
0.364955 -0.0676415
0.364373 -0.0700395
0.363776 -0.0724322
0.363165 -0.0748193
0.362541 -0.0772008
0.361902 -0.0795767
0.361249 -0.0819467
0.360582 -0.0843109
0.359902 -0.086669
0.359208 -0.0890211
0.3585 -0.091367
0.357779 -0.0937066
0.357044 -0.0960398
0.356296 -0.0983665
0.355535 -0.100687
0.35476 -0.103
0.353972 -0.105307
0.353172 -0.107607
0.352358 -0.1099
0.351532 -0.112186
0.350693 -0.114465
0.349841 -0.116736
0.348977 -0.119001
0.348101 -0.121258
0.347212 -0.123507
0.346311 -0.125749
0.345398 -0.127984
0.344472 -0.13021
0.343535 -0.132429
0.342586 -0.134641
0.341625 -0.136844
0.340653 -0.139039
0.339669 -0.141226
0.338674 -0.143405
0.337667 -0.145576
0.336649 -0.147739
0.33562 -0.149893
0.33458 -0.152039
0.333529 -0.154176
0.332467 -0.156305
0.331394 -0.158425
0.330311 -0.160536
0.329218 -0.162639
0.328114 -0.164732
0.326999 -0.166817
0.325875 -0.168893
0.32474 -0.17096
0.323595 -0.173018
0.322441 -0.175067
0.321277 -0.177107
0.320103 -0.179137
0.318919 -0.181158
0.317727 -0.18317
